Vehicle_ID,Frame_ID,Total_Frames,Global_Time,Local_X,Local_Y,Global_X,Global_Y,v_length,v_Width,v_Class,v_Vel,v_Acc,Lane_ID,O_Zone,D_Zone,Int_ID,Section_ID,Direction,Movement,Preceding,Following,Space_Headway,Time_Headway,Location,time_s,leader_id,gap_distance,leader_vel,rel_vel,time_headway_s,ttc_s,is_near_collision,is_sudden_braking,is_lane_change_point,is_car_following_candidate,ego_Local_Y,is_ego,scenario_label,distance_from_ego_y
1362,3889,280,1118847367800,56.641,539.746,6451470.784,1872959.585,15.0,4.9,2,50.07,-0.04,5,,,,,,,"1,364","1,368",69.0,1.38,us-101,1118847367.8,1364.0,68.99900000000002,45.02,5.049999999999997,1.3780507289794293,13.663168316831696,False,False,False,True,539.746,True,lane_change,0.0
1364,3889,507,1118847367800,55.305,608.745,6451523.086,1872914.603,11.5,5.5,2,45.02,0.08,5,,,,,,,"1,359","1,362",86.49,1.92,us-101,1118847367.8,1359.0,86.48599999999999,39.98,5.040000000000006,1.9210573078631716,17.15992063492061,False,False,False,True,539.746,False,lane_change,68.99900000000002
1365,3889,507,1118847367800,41.274,627.529,6451546.443,1872912.538,15.0,4.9,2,34.32,-6.15,4,,,,,,,"1,360","1,386",82.69,2.41,us-101,1118847367.8,1360.0,82.68500000000006,26.43,7.890000000000001,2.4092365967365983,10.47972116603296,False,True,False,False,539.746,False,lane_change,87.78300000000002
1368,3889,476,1118847367800,54.926,482.228,6451428.495,1872999.935,10.5,5.0,2,46.95,4.19,5,,,,,,,"1,362","1,387",57.52,1.23,us-101,1118847367.8,1362.0,57.51799999999997,50.07,-3.1199999999999974,1.2250905218317352,inf,False,False,False,True,539.746,False,lane_change,-57.51799999999997
1369,3889,563,1118847367800,30.667,617.862,6451546.308,1872926.889,13.5,5.4,2,25.0,0.0,3,,,,,,,"1,363","1,372",57.18,2.29,us-101,1118847367.8,1363.0,57.18100000000004,26.03,-1.0300000000000011,2.2872400000000015,inf,False,False,False,False,539.746,False,lane_change,78.11599999999999
1372,3889,545,1118847367800,31.047,531.664,6451481.803,1872984.067,13.0,5.9,2,29.98,0.0,3,,,,,,,"1,369","1,390",86.2,2.88,us-101,1118847367.8,1369.0,86.19799999999998,25.0,4.98,2.8751834556370905,17.308835341365455,False,False,False,False,539.746,False,lane_change,-8.081999999999994
1373,3889,517,1118847367800,19.226,613.685,6451550.821,1872938.202,12.0,5.5,2,20.0,0.0,2,,,,,,,"1,367","1,388",57.33,2.87,us-101,1118847367.8,1367.0,57.33200000000011,20.0,0.0,2.8666000000000054,inf,False,False,False,False,539.746,False,lane_change,73.93899999999996
1386,3889,504,1118847367800,42.755,472.92,6451429.94,1873015.155,22.0,8.5,3,34.98,-0.2,4,,,,,,,"1,365","1,391",154.61,4.42,us-101,1118847367.8,1365.0,154.60899999999998,34.32,0.6599999999999966,4.419925671812464,234.2560606060618,False,False,False,False,539.746,False,lane_change,-66.82599999999996
1388,3889,555,1118847367800,19.078,565.5,6451515.014,1872970.423,14.0,5.4,2,21.93,-2.99,2,,,,,,,"1,373","1,394",48.19,2.2,us-101,1118847367.8,1373.0,48.184999999999945,20.0,1.9299999999999997,2.1972184222526194,24.966321243523293,False,False,False,False,539.746,False,lane_change,25.75400000000002
1390,3889,541,1118847367800,29.909,457.599,6451427.379,1873034.984,12.0,5.0,2,24.98,-0.26,3,,,,,,,"1,372","1,395",74.06,2.96,us-101,1118847367.8,1372.0,74.065,29.98,-5.0,2.9649719775820653,inf,False,False,False,False,539.746,False,lane_change,-82.14699999999999
1394,3889,528,1118847367800,20.76,525.508,6451484.072,1872995.838,16.5,5.4,2,24.98,0.0,2,,,,,,,"1,388","1,399",39.99,1.6,us-101,1118847367.8,1388.0,39.99199999999996,21.93,3.0500000000000007,1.6009607686148903,13.112131147540968,False,False,False,True,539.746,False,lane_change,-14.237999999999943
1397,3889,615,1118847367800,8.451,600.865,6451548.456,1872954.772,15.5,5.4,2,23.44,-6.58,1,,,,,,,"1,389","1,404",66.55,2.84,us-101,1118847367.8,1389.0,66.54499999999996,6.37,17.07,2.8389505119453906,3.8983596953719952,False,True,False,False,539.746,False,lane_change,61.11900000000003
1399,3889,529,1118847367800,20.908,481.751,6451451.237,1873025.238,10.0,5.5,2,27.73,-2.36,2,,,,,,,"1,394","1,405",43.76,1.58,us-101,1118847367.8,1394.0,43.75700000000006,24.98,2.75,1.5779661016949174,15.911636363636386,False,False,False,True,539.746,False,lane_change,-57.995000000000005
1404,3889,625,1118847367800,8.022,529.525,6451495.558,1873002.655,10.5,7.0,2,24.98,0.0,1,,,,,,,"1,397","1,409",71.34,2.86,us-101,1118847367.8,1397.0,71.34000000000003,23.44,1.5399999999999991,2.855884707766214,46.32467532467537,False,False,False,False,539.746,False,lane_change,-10.221000000000004
1409,3889,628,1118847367800,6.157,493.572,6451469.981,1873028.031,13.0,5.9,2,24.73,1.03,1,,,,,,,"1,404","1,420",35.95,1.45,us-101,1118847367.8,1404.0,35.952999999999975,24.98,-0.25,1.4538212697128983,inf,False,False,False,True,539.746,False,lane_change,-46.17399999999998
1362,3890,280,1118847367900,56.477,544.731,6451474.597,1872956.395,15.0,4.9,2,50.29,3.72,5,,,,,,,"1,364","1,368",68.53,1.36,us-101,1118847367.9,1364.0,68.52999999999997,44.9,5.390000000000001,1.3626963611055871,12.714285714285708,False,False,False,True,544.731,True,lane_change,0.0
1364,3890,507,1118847367900,55.235,613.261,6451526.486,1872911.656,11.5,5.5,2,44.9,-2.03,5,,,,,,,"1,359","1,362",85.97,1.91,us-101,1118847367.9,1359.0,85.97199999999998,40.0,4.899999999999999,1.914743875278396,17.54530612244898,False,False,False,True,544.731,False,lane_change,68.52999999999997
1365,3890,507,1118847367900,41.22,630.914,6451549.087,1872910.246,15.0,4.9,2,33.99,-2.94,4,,,,,,,"1,360","1,386",81.91,2.41,us-101,1118847367.9,1360.0,81.90499999999997,26.75,7.240000000000002,2.4096793174463067,11.312845303867396,False,False,False,False,544.731,False,lane_change,86.18299999999999
1368,3890,476,1118847367900,54.841,487.021,6451432.139,1872996.693,10.5,5.0,2,46.75,-8.63,5,,,,,,,"1,362","1,387",57.71,1.23,us-101,1118847367.9,1362.0,57.70999999999998,50.29,-3.539999999999999,1.2344385026737963,inf,False,True,False,True,544.731,False,lane_change,-57.70999999999998
1369,3890,563,1118847367900,30.628,620.361,6451548.197,1872925.252,13.5,5.4,2,25.0,0.0,3,,,,,,,"1,363","1,372",57.37,2.29,us-101,1118847367.9,1363.0,57.37199999999996,27.02,-2.0199999999999996,2.2948799999999983,inf,False,False,False,False,544.731,False,lane_change,75.63
1372,3890,545,1118847367900,31.156,534.662,6451483.965,1872981.987,13.0,5.9,2,29.98,0.0,3,,,,,,,"1,369","1,390",85.7,2.86,us-101,1118847367.9,1369.0,85.69899999999996,25.0,4.98,2.8585390260173433,17.2086345381526,False,False,False,False,544.731,False,lane_change,-10.06899999999996
1373,3890,517,1118847367900,19.194,615.684,6451552.333,1872936.892,12.0,5.5,2,20.0,0.0,2,,,,,,,"1,367","1,388",57.33,2.87,us-101,1118847367.9,1367.0,57.331999999999994,20.01,-0.010000000000001563,2.8665999999999996,inf,False,False,False,False,544.731,False,lane_change,70.95299999999997
1386,3890,504,1118847367900,42.824,476.415,6451432.469,1873012.73,22.0,8.5,3,34.98,0.07,4,,,,,,,"1,365","1,391",154.5,4.42,us-101,1118847367.9,1365.0,154.49899999999997,33.99,0.9899999999999949,4.416781017724413,156.05959595959672,False,False,False,False,544.731,False,lane_change,-68.31599999999997
1388,3890,555,1118847367900,19.021,567.669,6451516.662,1872969.026,14.0,5.4,2,21.74,-1.33,2,,,,,,,"1,373","1,394",48.02,2.21,us-101,1118847367.9,1373.0,48.014999999999986,20.0,1.7399999999999984,2.2086016559337622,27.594827586206915,False,False,False,False,544.731,False,lane_change,22.937999999999988
1390,3890,541,1118847367900,29.963,460.094,6451429.181,1873033.251,12.0,5.0,2,24.97,-0.11,3,,,,,,,"1,372","1,395",74.57,2.99,us-101,1118847367.9,1372.0,74.56800000000004,29.98,-5.010000000000002,2.9863035642771343,inf,False,False,False,False,544.731,False,lane_change,-84.637
1394,3890,528,1118847367900,20.851,528.006,6451485.873,1872994.105,16.5,5.4,2,24.98,0.0,2,,,,,,,"1,388","1,399",39.66,1.59,us-101,1118847367.9,1388.0,39.66300000000001,21.74,3.240000000000002,1.587790232185749,12.241666666666662,False,False,False,True,544.731,False,lane_change,-16.725000000000023
1397,3890,615,1118847367900,8.398,603.162,6451550.2,1872953.283,15.5,5.4,2,22.9,-4.33,1,,,,,,,"1,389","1,404",64.8,2.83,us-101,1118847367.9,1389.0,64.803,5.53,17.369999999999997,2.829825327510917,3.7307426597582043,False,True,False,False,544.731,False,lane_change,58.43100000000004
1399,3890,529,1118847367900,20.59,484.5,6451453.472,1873023.611,10.0,5.5,2,27.57,-0.53,2,,,,,,,"1,394","1,405",43.51,1.58,us-101,1118847367.9,1394.0,43.50599999999997,24.98,2.59,1.5780195865070719,16.79768339768339,False,False,False,True,544.731,False,lane_change,-60.230999999999995
1404,3890,625,1118847367900,8.113,532.024,6451497.359,1873000.922,10.5,7.0,2,24.98,0.0,1,,,,,,,"1,397","1,409",71.14,2.85,us-101,1118847367.9,1397.0,71.13800000000003,22.9,2.080000000000002,2.8477982385908738,34.20096153846153,False,False,False,False,544.731,False,lane_change,-12.706999999999994
1409,3890,628,1118847367900,6.248,496.043,6451471.782,1873026.298,13.0,5.9,2,24.84,1.81,1,,,,,,,"1,404","1,420",35.98,1.45,us-101,1118847367.9,1404.0,35.980999999999995,24.98,-0.14000000000000057,1.4485104669887277,inf,False,False,False,True,544.731,False,lane_change,-48.68799999999999
1362,3891,280,1118847368000,56.191,549.753,6451478.497,1872953.291,15.0,4.9,2,50.83,7.59,5,,,,,,,"1,364","1,368",68.01,1.34,us-101,1118847368.0,1364.0,68.01400000000001,44.46,6.369999999999997,1.3380680700373797,10.677237048665626,False,False,False,True,549.753,True,lane_change,0.0
1364,3891,507,1118847368000,55.165,617.767,6451529.909,1872908.689,11.5,5.5,2,44.46,-6.25,5,,,,,,,"1,359","1,362",85.47,1.92,us-101,1118847368.0,1359.0,85.4659999999999,40.0,4.460000000000001,1.922312190733241,19.162780269058267,False,True,False,True,549.753,False,lane_change,68.01400000000001
1365,3891,507,1118847368000,41.178,634.262,6451551.732,1872907.953,15.0,4.9,2,34.0,3.22,4,,,,,,,"1,360","1,386",81.25,2.39,us-101,1118847368.0,1360.0,81.24900000000002,27.48,6.52,2.389676470588236,12.461503067484667,False,False,False,False,549.753,False,lane_change,84.5089999999999
1368,3891,476,1118847368000,54.745,491.647,6451435.773,1872993.474,10.5,5.0,2,46.33,-5.75,5,,,,,,,"1,362","1,387",58.11,1.25,us-101,1118847368.0,1362.0,58.10600000000005,50.83,-4.5,1.2541765594647107,inf,False,True,False,True,549.753,False,lane_change,-58.10600000000005
1369,3891,563,1118847368000,30.589,622.861,6451550.086,1872923.614,13.5,5.4,2,25.0,0.0,3,,,,,,,"1,363","1,372",57.64,2.31,us-101,1118847368.0,1363.0,57.644000000000005,27.45,-2.4499999999999993,2.3057600000000003,inf,False,False,False,False,549.753,False,lane_change,73.10799999999995
1372,3891,545,1118847368000,31.265,537.661,6451486.127,1872979.907,13.0,5.9,2,29.97,-0.16,3,,,,,,,"1,369","1,390",85.2,2.84,us-101,1118847368.0,1369.0,85.20000000000005,25.0,4.969999999999999,2.8428428428428445,17.142857142857157,False,False,False,False,549.753,False,lane_change,-12.092000000000098
1373,3891,517,1118847368000,19.163,617.684,6451553.844,1872935.582,12.0,5.5,2,20.0,0.0,2,,,,,,,"1,367","1,388",57.33,2.87,us-101,1118847368.0,1367.0,57.33400000000006,20.01,-0.010000000000001563,2.866700000000003,inf,False,False,False,False,549.753,False,lane_change,67.93099999999993
1386,3891,504,1118847368000,42.919,479.908,6451434.971,1873010.295,22.0,8.5,3,35.04,0.96,4,,,,,,,"1,365","1,391",154.35,4.41,us-101,1118847368.0,1365.0,154.35399999999993,34.0,1.0399999999999991,4.4050799086757975,148.41730769230776,False,False,False,False,549.753,False,lane_change,-69.84500000000003
1388,3891,555,1118847368000,18.931,569.817,6451518.315,1872967.668,14.0,5.4,2,21.76,1.65,2,,,,,,,"1,373","1,394",47.87,2.2,us-101,1118847368.0,1373.0,47.86699999999996,20.0,1.7600000000000016,2.1997702205882335,27.197159090909047,False,False,False,False,549.753,False,lane_change,20.063999999999965
1390,3891,541,1118847368000,30.016,462.579,6451430.982,1873031.518,12.0,5.0,2,25.07,1.67,3,,,,,,,"1,372","1,395",75.08,2.99,us-101,1118847368.0,1372.0,75.08199999999994,29.97,-4.899999999999999,2.9948942959712777,inf,False,False,False,False,549.753,False,lane_change,-87.17400000000004
1394,3891,528,1118847368000,20.942,530.505,6451487.675,1872992.372,16.5,5.4,2,24.98,0.0,2,,,,,,,"1,388","1,399",39.31,1.57,us-101,1118847368.0,1388.0,39.31200000000001,21.76,3.219999999999999,1.573738991192955,12.20869565217392,False,False,False,True,549.753,False,lane_change,-19.248000000000047
1397,3891,615,1118847368000,8.365,605.423,6451551.881,1872951.825,15.5,5.4,2,22.5,-3.21,1,,,,,,,"1,389","1,404",63.04,2.8,us-101,1118847368.0,1389.0,63.03499999999997,5.1,17.4,2.801555555555554,3.6227011494252856,False,True,False,False,549.753,False,lane_change,55.66999999999996
1399,3891,529,1118847368000,20.298,487.266,6451455.697,1873021.957,10.0,5.5,2,27.39,-2.31,2,,,,,,,"1,394","1,405",43.24,1.58,us-101,1118847368.0,1394.0,43.238999999999976,24.98,2.41,1.5786418400876223,17.941493775933598,False,False,False,True,549.753,False,lane_change,-62.48700000000002
1404,3891,625,1118847368000,8.204,534.522,6451499.161,1872999.189,10.5,7.0,2,24.98,0.0,1,,,,,,,"1,397","1,409",70.9,2.84,us-101,1118847368.0,1397.0,70.90099999999995,22.5,2.4800000000000004,2.838310648518813,28.589112903225782,False,False,False,False,549.753,False,lane_change,-15.230999999999995
1409,3891,628,1118847368000,6.339,498.552,6451473.584,1873024.565,13.0,5.9,2,24.86,-0.88,1,,,,,,,"1,404","1,420",35.97,1.45,us-101,1118847368.0,1404.0,35.97000000000003,24.98,-0.120000000000001,1.4469026548672577,inf,False,False,False,True,549.753,False,lane_change,-51.20100000000002
1362,3892,280,1118847368100,56.015,554.866,6451482.454,1872949.989,15.0,4.9,2,51.57,8.17,5,,,,,,,"1,364","1,368",67.33,1.31,us-101,1118847368.1,1364.0,67.33100000000002,43.36,8.21,1.3056234244715923,8.201096224116931,False,False,False,True,554.866,True,lane_change,0.0
1364,3892,507,1118847368100,55.137,622.197,6451533.247,1872905.741,11.5,5.5,2,43.36,-11.2,5,,,,,,,"1,359","1,362",85.04,1.96,us-101,1118847368.1,1359.0,85.03599999999994,40.0,3.3599999999999994,1.961162361623615,25.30833333333332,False,True,False,True,554.866,False,lane_change,67.33100000000002
1365,3892,507,1118847368100,41.156,637.652,6451554.377,1872905.661,15.0,4.9,2,34.35,6.23,4,,,,,,,"1,360","1,386",80.65,2.35,us-101,1118847368.1,1360.0,80.65099999999995,28.32,6.030000000000001,2.3479184861717597,13.374958540630173,False,False,False,False,554.866,False,lane_change,82.78600000000006
1368,3892,476,1118847368100,54.696,496.183,6451439.407,1872990.256,10.5,5.0,2,46.37,6.35,5,,,,,,,"1,362","1,387",58.68,1.27,us-101,1118847368.1,1362.0,58.68299999999999,51.57,-5.200000000000003,1.2655380634030622,inf,False,False,False,True,554.866,False,lane_change,-58.68299999999999
1369,3892,563,1118847368100,30.55,625.361,6451551.976,1872921.977,13.5,5.4,2,25.0,0.0,3,,,,,,,"1,363","1,372",57.91,2.32,us-101,1118847368.1,1363.0,57.90600000000006,27.52,-2.5199999999999996,2.3162400000000023,inf,False,False,False,False,554.866,False,lane_change,70.495
1372,3892,545,1118847368100,31.374,540.657,6451488.289,1872977.827,13.0,5.9,2,29.96,-0.12,3,,,,,,,"1,369","1,390",84.7,2.83,us-101,1118847368.1,1369.0,84.70399999999995,25.0,4.960000000000001,2.8272363150867807,17.077419354838696,False,False,False,False,554.866,False,lane_change,-14.208999999999946
1373,3892,517,1118847368100,19.133,619.684,6451555.355,1872934.272,12.0,5.5,2,20.0,0.0,2,,,,,,,"1,367","1,388",57.34,2.87,us-101,1118847368.1,1367.0,57.33699999999999,20.01,-0.010000000000001563,2.8668499999999995,inf,False,False,False,False,554.866,False,lane_change,64.81799999999998
1386,3892,504,1118847368100,43.019,483.449,6451437.469,1873007.858,22.0,8.5,3,34.83,-3.74,4,,,,,,,"1,365","1,391",154.2,4.43,us-101,1118847368.1,1365.0,154.20300000000003,34.35,0.4799999999999969,4.427304048234282,321.2562500000022,False,True,False,False,554.866,False,lane_change,-71.41699999999997
1388,3892,555,1118847368100,18.874,571.994,6451519.963,1872966.271,14.0,5.4,2,21.92,2.47,2,,,,,,,"1,373","1,394",47.69,2.18,us-101,1118847368.1,1373.0,47.68999999999994,20.0,1.9200000000000017,2.175638686131384,24.838541666666615,False,False,False,False,554.866,False,lane_change,17.128000000000043
1390,3892,541,1118847368100,30.069,465.076,6451432.763,1873029.805,12.0,5.0,2,25.38,4.52,3,,,,,,,"1,372","1,395",75.58,2.98,us-101,1118847368.1,1372.0,75.58100000000002,29.96,-4.580000000000002,2.977974783293933,inf,False,False,False,False,554.866,False,lane_change,-89.78999999999996
1394,3892,528,1118847368100,21.033,533.003,6451489.477,1872990.639,16.5,5.4,2,24.98,0.0,2,,,,,,,"1,388","1,399",38.99,1.56,us-101,1118847368.1,1388.0,38.990999999999985,21.92,3.0599999999999987,1.5608887109687744,12.742156862745098,False,False,False,True,554.866,False,lane_change,-21.862999999999943
1397,3892,615,1118847368100,8.328,607.662,6451553.6,1872950.336,15.5,5.4,2,22.09,-4.33,1,,,,,,,"1,389","1,404",61.28,2.77,us-101,1118847368.1,1389.0,61.278999999999996,4.97,17.12,2.7740606609325487,3.579380841121495,False,True,False,False,554.866,False,lane_change,52.79600000000005
1399,3892,529,1118847368100,20.007,490.004,6451457.921,1873020.303,10.0,5.5,2,27.06,-4.36,2,,,,,,,"1,394","1,405",43.0,1.59,us-101,1118847368.1,1394.0,42.999000000000024,24.98,2.0799999999999983,1.5890243902439034,20.672596153846182,False,True,False,True,554.866,False,lane_change,-64.86199999999997
1404,3892,625,1118847368100,8.295,537.021,6451500.963,1872997.455,10.5,7.0,2,24.98,0.0,1,,,,,,,"1,397","1,409",70.64,2.83,us-101,1118847368.1,1397.0,70.64100000000008,22.09,2.8900000000000006,2.827902321857489,24.44325259515573,False,False,False,False,554.866,False,lane_change,-17.845000000000027
1409,3892,628,1118847368100,6.43,501.057,6451475.407,1873022.812,13.0,5.9,2,24.61,-4.26,1,,,,,,,"1,404","1,420",35.96,1.46,us-101,1118847368.1,1404.0,35.96399999999994,24.98,-0.370000000000001,1.4613571718813467,inf,False,True,False,True,554.866,False,lane_change,-53.80899999999997
1362,3893,280,1118847368200,55.946,560.082,6451486.387,1872946.563,15.0,4.9,2,52.23,5.28,5,,,,,,,"1,364","1,368",66.34,1.27,us-101,1118847368.2,1364.0,66.34400000000005,41.6,10.629999999999995,1.270227838407047,6.241204139228606,False,False,False,True,560.082,True,lane_change,0.0
1364,3893,507,1118847368200,55.093,626.426,6451536.499,1872902.892,11.5,5.5,2,41.6,-11.2,5,,,,,,,"1,359","1,362",84.81,2.04,us-101,1118847368.2,1359.0,84.8069999999999,40.0,1.6000000000000014,2.0386298076923053,53.00437499999989,False,True,False,False,560.082,False,lane_change,66.34400000000005
1365,3893,507,1118847368200,41.134,641.144,6451557.022,1872903.368,15.0,4.9,2,34.72,1.67,4,,,,,,,"1,360","1,386",80.04,2.31,us-101,1118847368.2,1360.0,80.04200000000003,29.08,5.640000000000001,2.3053571428571438,14.19184397163121,False,False,False,False,560.082,False,lane_change,81.06200000000001
1368,3893,476,1118847368200,54.672,500.815,6451443.041,1872987.038,10.5,5.0,2,47.09,11.2,5,,,,,,,"1,362","1,387",59.27,1.26,us-101,1118847368.2,1362.0,59.266999999999996,52.23,-5.1399999999999935,1.258589934168613,inf,False,False,False,True,560.082,False,lane_change,-59.266999999999996
1369,3893,563,1118847368200,30.511,627.877,6451553.865,1872920.339,13.5,5.4,2,24.85,-2.43,3,,,,,,,"1,363","1,372",58.14,2.34,us-101,1118847368.2,1363.0,58.138000000000034,27.52,-2.669999999999998,2.3395573440643878,inf,False,False,False,False,560.082,False,lane_change,67.79499999999996
1372,3893,545,1118847368200,31.484,543.643,6451490.451,1872975.747,13.0,5.9,2,30.03,1.2,3,,,,,,,"1,369","1,390",84.23,2.8,us-101,1118847368.2,1369.0,84.23399999999992,24.85,5.18,2.8049950049950025,16.26138996138995,False,False,False,False,560.082,False,lane_change,-16.438999999999965
1373,3893,517,1118847368200,19.102,621.684,6451556.866,1872932.962,12.0,5.5,2,20.0,0.0,2,,,,,,,"1,367","1,388",57.34,2.87,us-101,1118847368.2,1367.0,57.33800000000008,19.99,0.010000000000001563,2.866900000000004,5733.799999999112,False,False,False,False,560.082,False,lane_change,61.601999999999975
1386,3893,504,1118847368200,43.033,486.934,6451440.061,1873005.45,22.0,8.5,3,34.23,-8.0,4,,,,,,,"1,365","1,391",154.21,4.51,us-101,1118847368.2,1365.0,154.20999999999998,34.72,-0.490000000000002,4.505112474437627,inf,False,True,False,False,560.082,False,lane_change,-73.14799999999997
1388,3893,555,1118847368200,18.907,574.215,6451521.607,1872964.756,14.0,5.4,2,21.99,-0.39,2,,,,,,,"1,373","1,394",47.47,2.16,us-101,1118847368.2,1373.0,47.46899999999994,20.0,1.9899999999999984,2.1586630286493835,23.853768844221094,False,False,False,False,560.082,False,lane_change,14.133000000000038
1390,3893,541,1118847368200,30.109,467.629,6451434.606,1873028.052,12.0,5.0,2,25.85,5.56,3,,,,,,,"1,372","1,395",76.01,2.94,us-101,1118847368.2,1372.0,76.01400000000001,30.03,-4.18,2.940580270793037,inf,False,False,False,False,560.082,False,lane_change,-92.45299999999997
1394,3893,528,1118847368200,21.124,535.5,6451491.278,1872988.906,16.5,5.4,2,25.0,0.26,2,,,,,,,"1,388","1,399",38.72,1.55,us-101,1118847368.2,1388.0,38.71500000000003,21.99,3.0100000000000016,1.5486000000000013,12.86212624584718,False,False,False,True,560.082,False,lane_change,-24.581999999999994
1397,3893,615,1118847368200,8.311,609.865,6451555.257,1872948.877,15.5,5.4,2,21.56,-6.58,1,,,,,,,"1,389","1,404",59.57,2.76,us-101,1118847368.2,1389.0,59.572,4.98,16.58,2.763079777365492,3.5930036188178534,False,True,False,False,560.082,False,lane_change,49.783000000000015
1399,3893,529,1118847368200,19.716,492.681,6451460.146,1873018.648,10.0,5.5,2,26.79,-2.61,2,,,,,,,"1,394","1,405",42.82,1.6,us-101,1118847368.2,1394.0,42.81900000000002,25.0,1.7899999999999991,1.5983202687569995,23.92122905027935,False,False,False,True,560.082,False,lane_change,-67.40100000000001
1404,3893,625,1118847368200,8.386,539.518,6451502.764,1872995.722,10.5,7.0,2,25.0,0.19,1,,,,,,,"1,397","1,409",70.35,2.81,us-101,1118847368.2,1397.0,70.34699999999998,21.56,3.4400000000000013,2.8138799999999993,20.44970930232557,False,False,False,False,560.082,False,lane_change,-20.563999999999965
1409,3893,628,1118847368200,6.535,503.504,6451477.167,1873021.098,13.0,5.9,2,24.17,-5.26,1,,,,,,,"1,404","1,420",36.01,1.49,us-101,1118847368.2,1404.0,36.01400000000001,25.0,-0.8299999999999983,1.4900289615225488,inf,False,True,False,True,560.082,False,lane_change,-56.577999999999975
1362,3894,280,1118847368300,55.931,565.358,6451490.329,1872943.058,15.0,4.9,2,52.57,1.46,5,,,,,,,"1,364","1,368",65.16,1.24,us-101,1118847368.3,1364.0,65.16200000000003,40.01,12.560000000000002,1.2395282480502194,5.188057324840766,False,False,False,True,565.358,True,lane_change,0.0
1364,3894,507,1118847368300,55.006,630.52,6451539.67,1872900.173,11.5,5.5,2,40.01,-11.2,5,,,,,,,"1,359","1,362",84.71,2.12,us-101,1118847368.3,1359.0,84.71299999999997,40.0,0.00999999999999801,2.117295676080979,8471.300000001682,False,True,False,False,565.358,False,lane_change,65.16200000000003
1365,3894,507,1118847368300,41.112,644.669,6451559.689,1872901.056,15.0,4.9,2,34.62,-4.41,4,,,,,,,"1,360","1,386",79.48,2.3,us-101,1118847368.3,1360.0,79.476,29.62,4.9999999999999964,2.2956672443674178,15.895200000000012,False,True,False,False,565.358,False,lane_change,79.31100000000004
1368,3894,476,1118847368300,54.648,505.606,6451446.675,1872983.82,10.5,5.0,2,48.05,6.04,5,,,,,,,"1,362","1,387",59.75,1.24,us-101,1118847368.3,1362.0,59.75199999999995,52.57,-4.520000000000003,1.24353798126951,inf,False,False,False,True,565.358,False,lane_change,-59.75199999999995
1369,3894,563,1118847368300,30.472,630.361,6451555.754,1872918.702,13.5,5.4,2,24.5,-4.53,3,,,,,,,"1,363","1,372",58.41,2.38,us-101,1118847368.3,1363.0,58.412000000000035,27.49,-2.9899999999999984,2.3841632653061238,inf,False,True,False,False,565.358,False,lane_change,65.00300000000004
1372,3894,545,1118847368300,31.595,546.635,6451492.597,1872973.678,13.0,5.9,2,30.3,3.94,3,,,,,,,"1,369","1,390",83.73,2.76,us-101,1118847368.3,1369.0,83.726,24.5,5.800000000000001,2.7632343234323433,14.435517241379308,False,False,False,False,565.358,False,lane_change,-18.722999999999956
1373,3894,517,1118847368300,19.07,623.683,6451558.378,1872931.652,12.0,5.5,2,20.0,0.0,2,,,,,,,"1,367","1,388",57.34,2.87,us-101,1118847368.3,1367.0,57.33600000000001,19.97,0.030000000000001137,2.8668000000000005,1911.199999999928,False,False,False,False,565.358,False,lane_change,58.325000000000045
1386,3894,504,1118847368300,42.974,490.289,6451442.708,1873003.09,22.0,8.5,3,33.91,-2.52,4,,,,,,,"1,365","1,391",154.38,4.55,us-101,1118847368.3,1365.0,154.38,34.62,-0.7100000000000009,4.5526393394278974,inf,False,False,False,False,565.358,False,lane_change,-75.06899999999996
1388,3894,555,1118847368300,18.977,576.441,6451523.238,1872963.204,14.0,5.4,2,21.74,-4.73,2,,,,,,,"1,373","1,394",47.24,2.17,us-101,1118847368.3,1373.0,47.24199999999996,20.0,1.7399999999999984,2.1730450781968704,27.15057471264368,False,True,False,False,565.358,False,lane_change,11.083000000000084
1390,3894,541,1118847368300,30.181,470.259,6451436.496,1873026.213,12.0,5.0,2,26.21,2.51,3,,,,,,,"1,372","1,395",76.38,2.91,us-101,1118847368.3,1372.0,76.37599999999998,30.3,-4.09,2.9140022892025934,inf,False,False,False,False,565.358,False,lane_change,-95.09899999999993
1394,3894,528,1118847368300,21.215,538.002,6451493.08,1872987.172,16.5,5.4,2,25.01,0.12,2,,,,,,,"1,388","1,399",38.44,1.54,us-101,1118847368.3,1388.0,38.43900000000008,21.74,3.270000000000003,1.5369452219112385,11.755045871559645,False,False,False,True,565.358,False,lane_change,-27.355999999999995
1397,3894,615,1118847368300,8.278,611.991,6451556.861,1872947.487,15.5,5.4,2,20.92,-6.83,1,,,,,,,"1,389","1,404",57.95,2.77,us-101,1118847368.3,1389.0,57.94500000000005,5.01,15.910000000000002,2.7698374760994287,3.6420490257699587,False,True,False,False,565.358,False,lane_change,46.63300000000004
1399,3894,529,1118847368300,19.458,495.339,6451462.37,1873016.994,10.0,5.5,2,26.59,-0.93,2,,,,,,,"1,394","1,405",42.66,1.6,us-101,1118847368.3,1394.0,42.662999999999954,25.01,1.5799999999999983,1.604475366679201,27.001898734177214,False,False,False,True,565.358,False,lane_change,-70.01899999999995
1404,3894,625,1118847368300,8.477,542.019,6451504.566,1872993.989,10.5,7.0,2,25.01,0.16,1,,,,,,,"1,397","1,409",69.97,2.8,us-101,1118847368.3,1397.0,69.97199999999998,20.92,4.09,2.7977608956417424,17.108068459657698,False,False,False,False,565.358,False,lane_change,-23.338999999999942
1409,3894,628,1118847368300,6.606,505.89,6451478.88,1873019.47,13.0,5.9,2,23.72,-4.16,1,,,,,,,"1,404","1,420",36.13,1.52,us-101,1118847368.3,1404.0,36.12900000000002,25.01,-1.2900000000000027,1.5231450252951104,inf,False,True,False,True,565.358,False,lane_change,-59.46799999999996
1362,3895,280,1118847368400,55.915,570.646,6451494.284,1872939.543,15.0,4.9,2,52.54,-2.0,5,,,,,,,"1,364","1,368",63.77,1.21,us-101,1118847368.4,1364.0,63.76800000000003,39.18,13.36,1.2137038446897608,4.773053892215572,False,False,False,True,570.646,True,lane_change,0.0
1364,3895,507,1118847368400,54.916,634.414,6451542.755,1872897.554,11.5,5.5,2,39.18,-2.33,5,,,,,,,"1,359","1,362",84.82,2.16,us-101,1118847368.4,1359.0,84.81899999999996,40.0,-0.8200000000000003,2.164854517611025,inf,False,False,False,False,570.646,False,lane_change,63.76800000000003
1365,3895,507,1118847368400,41.106,648.128,6451562.287,1872898.783,15.0,4.9,2,34.06,-7.09,4,,,,,,,"1,360","1,386",79.02,2.32,us-101,1118847368.4,1360.0,79.019,29.93,4.130000000000003,2.319994128009395,19.132929782082314,False,True,False,False,570.646,False,lane_change,77.48200000000008
1368,3895,476,1118847368400,54.62,510.506,6451450.325,1872980.593,10.5,5.0,2,48.32,-2.35,5,,,,,,,"1,362","1,387",60.14,1.24,us-101,1118847368.4,1362.0,60.139999999999986,52.54,-4.219999999999999,1.244619205298013,inf,False,False,False,True,570.646,False,lane_change,-60.139999999999986
1369,3895,563,1118847368400,30.434,632.776,6451557.643,1872917.064,13.5,5.4,2,24.25,-2.17,3,,,,,,,"1,363","1,372",58.76,2.42,us-101,1118847368.4,1363.0,58.75700000000006,27.32,-3.0700000000000003,2.422969072164951,inf,False,False,False,False,570.646,False,lane_change,62.129999999999995
1372,3895,545,1118847368400,31.684,549.664,6451494.789,1872971.599,13.0,5.9,2,30.84,7.07,3,,,,,,,"1,369","1,390",83.11,2.69,us-101,1118847368.4,1369.0,83.11199999999997,24.25,6.59,2.694941634241244,12.611836115326247,False,False,False,False,570.646,False,lane_change,-20.98199999999997
1373,3895,517,1118847368400,19.04,625.683,6451559.889,1872930.342,12.0,5.5,2,20.0,0.0,2,,,,,,,"1,367","1,388",57.33,2.87,us-101,1118847368.4,1367.0,57.32899999999995,19.97,0.030000000000001137,2.8664499999999977,1910.9666666665926,False,False,False,False,570.646,False,lane_change,55.037000000000035
1386,3895,504,1118847368400,42.847,493.613,6451445.421,1873000.773,22.0,8.5,3,34.13,7.0,4,,,,,,,"1,365","1,391",154.51,4.53,us-101,1118847368.4,1365.0,154.51500000000004,34.06,0.07000000000000028,4.527248754761208,2207.3571428571345,False,False,False,False,570.646,False,lane_change,-77.03299999999996
1388,3895,555,1118847368400,19.003,578.608,6451524.834,1872961.742,14.0,5.4,2,21.19,-6.96,2,,,,,,,"1,373","1,394",47.07,2.22,us-101,1118847368.4,1373.0,47.075000000000045,20.0,1.1900000000000013,2.221566776781503,39.55882352941176,False,True,False,False,570.646,False,lane_change,7.961999999999989
1389,3895,591,1118847368400,7.695,670.441,6451601.093,1872909.174,14.0,5.4,2,5.03,0.1,1,,,,,,,"1,370","1,397",34.51,6.86,us-101,1118847368.4,1370.0,34.511999999999944,5.0,0.03000000000000025,6.861232604373746,1150.3999999999885,False,False,False,False,570.646,False,lane_change,99.79500000000007
1390,3895,541,1118847368400,30.238,472.926,6451438.44,1873024.343,12.0,5.0,2,26.2,-2.61,3,,,,,,,"1,372","1,395",76.74,2.93,us-101,1118847368.4,1372.0,76.738,30.84,-4.640000000000001,2.9289312977099238,inf,False,False,False,False,570.646,False,lane_change,-97.71999999999997
1394,3895,528,1118847368400,21.306,540.518,6451494.882,1872985.439,16.5,5.4,2,24.89,-2.0,2,,,,,,,"1,388","1,399",38.09,1.53,us-101,1118847368.4,1388.0,38.08999999999992,21.19,3.6999999999999993,1.5303334672559228,10.294594594594574,False,False,False,True,570.646,False,lane_change,-30.12799999999993
1397,3895,615,1118847368400,8.23,614.033,6451558.419,1872946.159,15.5,5.4,2,20.38,-4.38,1,,,,,,,"1,389","1,404",56.41,2.77,us-101,1118847368.4,1389.0,56.408000000000015,5.03,15.349999999999998,2.767811579980374,3.6747882736156368,False,True,False,False,570.646,False,lane_change,43.38700000000006
1399,3895,529,1118847368400,19.208,497.998,6451464.614,1873015.322,10.0,5.5,2,26.31,-2.71,2,,,,,,,"1,394","1,405",42.52,1.62,us-101,1118847368.4,1394.0,42.52000000000004,24.89,1.4199999999999982,1.616115545419994,29.94366197183105,False,False,False,True,570.646,False,lane_change,-72.64799999999997
1404,3895,625,1118847368400,8.567,544.531,6451506.368,1872992.256,10.5,7.0,2,24.93,-1.4,1,,,,,,,"1,397","1,409",69.5,2.79,us-101,1118847368.4,1397.0,69.50200000000007,20.38,4.550000000000001,2.787886081026878,15.275164835164848,False,False,False,False,570.646,False,lane_change,-26.11500000000001
1409,3895,628,1118847368400,6.691,508.236,6451480.56,1873017.854,13.0,5.9,2,23.29,-3.62,1,,,,,,,"1,404","1,420",36.3,1.56,us-101,1118847368.4,1404.0,36.29499999999996,24.93,-1.6400000000000006,1.55839416058394,inf,False,True,False,True,570.646,False,lane_change,-62.40999999999997
1362,3896,280,1118847368500,55.904,575.902,6451498.218,1872936.039,15.0,4.9,2,52.28,-3.71,5,,,,,,,"1,364","1,368",62.35,1.19,us-101,1118847368.5,1364.0,62.351,39.2,13.079999999999998,1.1926358071920429,4.766896024464832,False,True,False,True,575.902,True,lane_change,0.0
1364,3896,507,1118847368500,54.891,638.253,6451545.755,1872894.953,11.5,5.5,2,39.2,6.15,5,,,,,,,"1,359","1,362",84.98,2.17,us-101,1118847368.5,1359.0,84.9799999999999,40.0,-0.7999999999999972,2.1678571428571405,inf,False,False,False,False,575.902,False,lane_change,62.351
1365,3896,507,1118847368500,41.086,651.497,6451564.838,1872896.57,15.0,4.9,2,33.4,-6.79,4,,,,,,,"1,360","1,386",78.66,2.36,us-101,1118847368.5,1360.0,78.66399999999999,30.03,3.3699999999999974,2.355209580838323,23.342433234421378,False,True,False,False,575.902,False,lane_change,75.59499999999991
1368,3896,476,1118847368500,54.594,515.322,6451453.938,1872977.397,10.5,5.0,2,48.16,-1.59,5,,,,,,,"1,362","1,387",60.58,1.26,us-101,1118847368.5,1362.0,60.58000000000004,52.28,-4.1200000000000045,1.2578903654485059,inf,False,False,False,True,575.902,False,lane_change,-60.58000000000004
1369,3896,563,1118847368500,30.416,635.165,6451559.532,1872915.427,13.5,5.4,2,24.25,2.18,3,,,,,,,"1,363","1,372",59.1,2.44,us-101,1118847368.5,1363.0,59.103000000000065,26.94,-2.6900000000000013,2.4372371134020647,inf,False,False,False,False,575.902,False,lane_change,59.26299999999992
1372,3896,545,1118847368500,31.765,552.774,6451497.054,1872969.464,13.0,5.9,2,31.59,8.39,3,,,,,,,"1,369","1,390",82.39,2.61,us-101,1118847368.5,1369.0,82.39099999999996,24.25,7.34,2.6081354859132624,11.224931880108986,False,False,False,False,575.902,False,lane_change,-23.128000000000043
1373,3896,517,1118847368500,19.009,627.693,6451561.4,1872929.032,12.0,5.5,2,19.9,-1.49,2,,,,,,,"1,367","1,388",57.32,2.88,us-101,1118847368.5,1367.0,57.31600000000003,19.99,-0.08999999999999986,2.8802010050251274,inf,False,False,False,False,575.902,False,lane_change,51.79099999999994
1386,3896,504,1118847368500,42.707,497.021,6451448.211,1872998.466,22.0,8.5,3,34.84,11.2,4,,,,,,,"1,365","1,391",154.48,4.43,us-101,1118847368.5,1365.0,154.47599999999994,33.4,1.4400000000000048,4.433869115958666,107.2749999999996,False,False,False,False,575.902,False,lane_change,-78.88100000000003
1388,3896,555,1118847368500,18.996,580.686,6451526.382,1872960.367,14.0,5.4,2,20.59,-5.63,2,,,,,,,"1,373","1,394",47.01,2.28,us-101,1118847368.5,1373.0,47.00699999999995,19.9,0.6900000000000013,2.2830014570179675,68.12608695652153,False,True,False,False,575.902,False,lane_change,4.783999999999992
1389,3896,591,1118847368500,7.691,670.958,6451601.471,1872908.847,14.0,5.4,2,4.9,-2.04,1,,,,,,,"1,370","1,397",34.5,7.04,us-101,1118847368.5,1370.0,34.495000000000005,5.0,-0.09999999999999964,7.039795918367347,inf,False,False,False,False,575.902,False,lane_change,95.05599999999993
1394,3896,528,1118847368500,21.397,543.021,6451496.705,1872983.686,16.5,5.4,2,24.48,-5.88,2,,,,,,,"1,388","1,399",37.66,1.54,us-101,1118847368.5,1388.0,37.66500000000008,20.59,3.8900000000000006,1.5386029411764737,9.682519280205675,False,True,False,True,575.902,False,lane_change,-32.881000000000085
1397,3896,615,1118847368500,8.199,616.03,6451559.908,1872944.868,15.5,5.4,2,20.07,-1.6,1,,,,,,,"1,389","1,404",54.93,2.74,us-101,1118847368.5,1389.0,54.928,4.9,15.17,2.736821126058794,3.620830586684245,False,False,False,False,575.902,False,lane_change,40.12799999999993
1399,3896,529,1118847368500,19.017,500.654,6451466.725,1873013.69,10.0,5.5,2,25.76,-8.66,2,,,,,,,"1,394","1,405",42.37,1.64,us-101,1118847368.5,1394.0,42.36699999999996,24.48,1.2800000000000011,1.6446816770186319,33.09921874999994,False,True,False,True,575.902,False,lane_change,-75.24800000000005
1404,3896,625,1118847368500,8.659,547.038,6451508.186,1872990.507,10.5,7.0,2,24.6,-4.73,1,,,,,,,"1,397","1,409",68.99,2.8,us-101,1118847368.5,1397.0,68.99199999999996,20.07,4.530000000000001,2.8045528455284536,15.230022075055176,False,True,False,False,575.902,False,lane_change,-28.864000000000033
1409,3896,628,1118847368500,6.776,510.56,6451482.253,1873016.226,13.0,5.9,2,22.8,-5.8,1,,,,,,,"1,404","1,420",36.48,1.6,us-101,1118847368.5,1404.0,36.47800000000001,24.6,-1.8000000000000007,1.5999122807017547,inf,False,True,False,True,575.902,False,lane_change,-65.34200000000004
1362,3897,280,1118847368600,55.925,581.099,6451502.085,1872932.553,15.0,4.9,2,52.06,-1.55,5,,,,,,,"1,364","1,368",61.11,1.17,us-101,1118847368.6,1364.0,61.108999999999924,39.7,12.36,1.173818670764501,4.94409385113268,False,False,False,True,581.099,True,lane_change,0.0
1364,3897,507,1118847368600,54.866,642.208,6451548.777,1872892.333,11.5,5.5,2,39.7,4.47,5,,,,,,,"1,359","1,362",85.02,2.14,us-101,1118847368.6,1359.0,85.02499999999998,40.0,-0.29999999999999716,2.14168765743073,inf,False,False,False,False,581.099,False,lane_change,61.108999999999924
1365,3897,507,1118847368600,41.048,654.777,6451567.337,1872894.426,15.0,4.9,2,32.97,-2.58,4,,,,,,,"1,360","1,386",78.39,2.38,us-101,1118847368.6,1360.0,78.38900000000001,30.02,2.9499999999999993,2.377585683955111,26.572542372881365,False,False,False,False,581.099,False,lane_change,73.678
1368,3897,476,1118847368600,54.588,520.106,6451457.498,1872974.221,10.5,5.0,2,48.23,2.35,5,,,,,,,"1,362","1,387",60.99,1.26,us-101,1118847368.6,1362.0,60.99300000000005,52.06,-3.8300000000000054,1.2646278250051846,inf,False,False,False,True,581.099,False,lane_change,-60.99300000000005
1369,3897,563,1118847368600,30.4,637.58,6451561.421,1872913.789,13.5,5.4,2,24.5,4.54,3,,,,,,,"1,363","1,372",59.37,2.42,us-101,1118847368.6,1363.0,59.36699999999996,26.38,-1.879999999999999,2.4231428571428557,inf,False,False,False,False,581.099,False,lane_change,56.480999999999995
1372,3897,545,1118847368600,31.863,555.99,6451499.376,1872967.256,13.0,5.9,2,32.27,5.97,3,,,,,,,"1,369","1,390",81.59,2.53,us-101,1118847368.6,1369.0,81.59000000000003,24.5,7.770000000000003,2.528354508831733,10.5006435006435,False,False,False,False,581.099,False,lane_change,-25.109000000000037
1373,3897,517,1118847368600,18.978,629.683,6451562.911,1872927.722,12.0,5.5,2,19.69,-2.81,2,,,,,,,"1,367","1,388",57.33,2.91,us-101,1118847368.6,1367.0,57.327,20.01,-0.3200000000000003,2.911477907567293,inf,False,False,False,False,581.099,False,lane_change,48.583999999999946
1386,3897,504,1118847368600,42.587,500.592,6451450.979,1872996.151,22.0,8.5,3,35.72,5.74,4,,,,,,,"1,365","1,391",154.19,4.32,us-101,1118847368.6,1365.0,154.18500000000006,32.97,2.75,4.316489361702129,56.06727272727275,False,False,False,False,581.099,False,lane_change,-80.50700000000006
1388,3897,555,1118847368600,18.964,582.698,6451527.894,1872959.057,14.0,5.4,2,20.18,-2.7,2,,,,,,,"1,373","1,394",46.98,2.33,us-101,1118847368.6,1373.0,46.985000000000014,19.69,0.48999999999999844,2.3282953419226966,95.88775510204115,False,False,False,False,581.099,False,lane_change,1.5989999999999327
1389,3897,591,1118847368600,7.688,671.465,6451601.871,1872908.5,14.0,5.4,2,4.47,-6.28,1,,,,,,,"1,370","1,397",34.49,7.72,us-101,1118847368.6,1370.0,34.48799999999994,5.0,-0.5300000000000002,7.715436241610726,inf,False,True,False,False,581.099,False,lane_change,90.36599999999999
1394,3897,528,1118847368600,21.527,545.463,6451498.449,1872981.952,16.5,5.4,2,23.76,-9.16,2,,,,,,,"1,388","1,399",37.24,1.57,us-101,1118847368.6,1388.0,37.235000000000014,20.18,3.580000000000002,1.5671296296296302,10.400837988826813,False,True,False,True,581.099,False,lane_change,-35.63600000000008
1397,3897,615,1118847368600,8.168,618.016,6451561.419,1872943.558,15.5,5.4,2,19.97,0.06,1,,,,,,,"1,389","1,404",53.45,2.68,us-101,1118847368.6,1389.0,53.44900000000007,4.47,15.5,2.676464697045572,3.448322580645166,False,False,False,False,581.099,False,lane_change,36.916999999999916
1399,3897,529,1118847368600,18.868,503.2,6451468.719,1873012.107,10.0,5.5,2,24.73,-11.2,2,,,,,,,"1,394","1,405",42.26,1.71,us-101,1118847368.6,1394.0,42.26299999999998,23.76,0.9699999999999989,1.708976951071572,43.57010309278353,False,True,False,True,581.099,False,lane_change,-77.89900000000006
1404,3897,625,1118847368600,8.773,549.499,6451509.954,1872988.773,10.5,7.0,2,23.96,-8.4,1,,,,,,,"1,397","1,409",68.52,2.86,us-101,1118847368.6,1397.0,68.51699999999994,19.97,3.990000000000002,2.85964106844741,17.172180451127797,False,True,False,False,581.099,False,lane_change,-31.600000000000023
1409,3897,628,1118847368600,6.896,512.832,6451483.872,1873014.617,13.0,5.9,2,22.07,-8.91,1,,,,,,,"1,404","1,420",36.67,1.66,us-101,1118847368.6,1404.0,36.66700000000003,23.96,-1.8900000000000006,1.6613955595831458,inf,False,True,False,True,581.099,False,lane_change,-68.26700000000005
1362,3898,280,1118847368700,55.909,586.264,6451505.923,1872929.142,15.0,4.9,2,52.2,3.82,5,,,,,,,"1,364","1,368",59.97,1.15,us-101,1118847368.7,1364.0,59.96899999999994,39.98,12.220000000000006,1.1488314176245198,4.907446808510631,False,False,False,True,586.264,True,lane_change,0.0
1364,3898,507,1118847368700,54.841,646.233,6451551.8,1872889.713,11.5,5.5,2,39.98,0.25,5,,,,,,,"1,359","1,362",85.0,2.13,us-101,1118847368.7,1359.0,85.0,40.0,-0.020000000000003126,2.1260630315157583,inf,False,False,False,False,586.264,False,lane_change,59.96899999999994
1365,3898,507,1118847368700,41.028,658.035,6451569.752,1872892.333,15.0,4.9,2,32.89,1.36,4,,,,,,,"1,360","1,386",78.13,2.38,us-101,1118847368.7,1360.0,78.12900000000002,30.0,2.8900000000000006,2.3754636667680153,27.034256055363322,False,False,False,False,586.264,False,lane_change,71.77099999999996
1368,3898,476,1118847368700,54.658,524.913,6451461.016,1872970.981,10.5,5.0,2,48.65,6.46,5,,,,,,,"1,362","1,387",61.35,1.26,us-101,1118847368.7,1362.0,61.351,52.2,-3.5500000000000043,1.2610688591983557,inf,False,False,False,True,586.264,False,lane_change,-61.351
1369,3898,563,1118847368700,30.384,640.064,6451563.31,1872912.152,13.5,5.4,2,24.85,2.42,3,,,,,,,"1,363","1,372",59.49,2.39,us-101,1118847368.7,1363.0,59.485000000000014,25.79,-0.9399999999999977,2.3937625754527168,inf,False,False,False,False,586.264,False,lane_change,53.799999999999955
1371,3898,356,1118847368700,69.888,496.257,6451429.518,1872978.718,9.0,7.0,2,44.7,0.0,7,,,,,,,0,0,0.0,0,us-101,1118847368.7,,,,,,inf,False,False,False,False,586.264,False,lane_change,-90.007
1372,3898,545,1118847368700,31.974,559.277,6451501.771,1872964.966,13.0,5.9,2,32.61,1.15,3,,,,,,,"1,369","1,390",80.79,2.48,us-101,1118847368.7,1369.0,80.78699999999992,24.85,7.759999999999998,2.4773689052437877,10.410695876288653,False,False,False,False,586.264,False,lane_change,-26.986999999999966
1373,3898,517,1118847368700,18.947,631.63,6451564.423,1872926.412,12.0,5.5,2,19.53,-1.36,2,,,,,,,"1,367","1,388",57.38,2.94,us-101,1118847368.7,1367.0,57.38300000000004,20.01,-0.4800000000000004,2.9381976446492595,inf,False,False,False,False,586.264,False,lane_change,45.365999999999985
1386,3898,504,1118847368700,42.469,504.238,6451453.747,1872993.835,22.0,8.5,3,36.09,0.17,4,,,,,,,"1,365","1,391",153.8,4.26,us-101,1118847368.7,1365.0,153.79699999999997,32.89,3.200000000000003,4.261485175949015,48.061562499999944,False,False,False,False,586.264,False,lane_change,-82.02600000000001
1388,3898,555,1118847368700,18.928,584.686,6451529.398,1872957.76,14.0,5.4,2,20.0,-0.52,2,,,,,,,"1,373","1,394",46.94,2.35,us-101,1118847368.7,1373.0,46.94399999999996,19.53,0.46999999999999886,2.347199999999998,99.88085106382994,False,False,False,False,586.264,False,lane_change,-1.5779999999999745
1389,3898,591,1118847368700,7.726,671.91,6451602.187,1872908.172,14.0,5.4,2,3.63,-10.72,1,,,,,,,"1,370","1,397",34.54,9.52,us-101,1118847368.7,1370.0,34.543000000000006,5.0,-1.37,9.515977961432508,inf,False,True,False,False,586.264,False,lane_change,85.64599999999996
1394,3898,528,1118847368700,21.608,547.794,6451500.125,1872980.344,16.5,5.4,2,22.89,-9.0,2,,,,,,,"1,388","1,399",36.89,1.61,us-101,1118847368.7,1388.0,36.89200000000005,20.0,2.8900000000000006,1.6117081695063369,12.76539792387545,False,True,False,True,586.264,False,lane_change,-38.47000000000003
1397,3898,615,1118847368700,8.138,620.01,6451562.93,1872942.248,15.5,5.4,2,20.0,0.51,1,,,,,,,"1,389","1,404",51.9,2.6,us-101,1118847368.7,1389.0,51.89999999999998,3.63,16.37,2.594999999999999,3.170433720219913,False,False,False,False,586.264,False,lane_change,33.74599999999998
1399,3898,529,1118847368700,18.797,505.609,6451470.568,1873010.549,10.0,5.5,2,23.45,-11.2,2,,,,,,,"1,394","1,405",42.18,1.8,us-101,1118847368.7,1394.0,42.185,22.89,0.5599999999999987,1.7989339019189767,75.33035714285732,False,True,False,True,586.264,False,lane_change,-80.65500000000003
1404,3898,625,1118847368700,8.878,551.865,6451511.646,1872987.119,10.5,7.0,2,23.06,-10.06,1,,,,,,,"1,397","1,409",68.14,2.96,us-101,1118847368.7,1397.0,68.14499999999998,20.0,3.0599999999999987,2.9551170858629656,22.26960784313726,False,True,False,False,586.264,False,lane_change,-34.399
1409,3898,628,1118847368700,6.978,514.998,6451485.439,1873013.105,13.0,5.9,2,21.21,-9.14,1,,,,,,,"1,404","1,420",36.87,1.74,us-101,1118847368.7,1404.0,36.86699999999996,23.06,-1.8499999999999979,1.7381895332390362,inf,False,True,False,True,586.264,False,lane_change,-71.26599999999996
1362,3899,280,1118847368800,55.789,591.468,6451509.875,1872925.768,15.0,4.9,2,52.81,8.9,5,,,,,,,"1,364","1,368",58.77,1.11,us-101,1118847368.8,1364.0,58.76700000000005,40.0,12.810000000000002,1.1128006059458446,4.587587822014055,False,False,False,True,591.468,True,lane_change,0.0
1364,3899,507,1118847368800,54.816,650.235,6451554.822,1872887.093,11.5,5.5,2,40.0,0.0,5,,,,,,,"1,359","1,362",85.0,2.12,us-101,1118847368.8,1359.0,84.99799999999993,40.0,0.0,2.1249499999999983,inf,False,False,False,False,591.468,False,lane_change,58.76700000000005
1365,3899,507,1118847368800,41.007,661.33,6451572.248,1872890.169,15.0,4.9,2,32.92,0.88,4,,,,,,,"1,360","1,386",77.83,2.36,us-101,1118847368.8,1360.0,77.83399999999995,30.0,2.9200000000000017,2.36433778857837,26.65547945205476,False,False,False,False,591.468,False,lane_change,69.86200000000008
1367,3899,528,1118847368800,19.575,691.014,6451608.717,1872886.672,17.0,5.9,2,20.0,-0.1,2,,,,,,,"1,361","1,373",43.03,2.15,us-101,1118847368.8,1361.0,43.02999999999997,21.37,-1.370000000000001,2.1514999999999986,inf,False,False,False,False,591.468,False,lane_change,99.54600000000005
1368,3899,476,1118847368800,54.811,529.805,6451464.557,1872967.609,10.5,5.0,2,49.25,6.78,5,,,,,,,"1,362","1,387",61.66,1.25,us-101,1118847368.8,1362.0,61.66300000000001,52.81,-3.5600000000000023,1.252040609137056,inf,False,False,False,True,591.468,False,lane_change,-61.66300000000001
1369,3899,563,1118847368800,30.369,642.58,6451565.199,1872910.514,13.5,5.4,2,25.0,0.0,3,,,,,,,"1,363","1,372",59.51,2.38,us-101,1118847368.8,1363.0,59.50599999999997,25.34,-0.33999999999999986,2.380239999999999,inf,False,False,False,False,591.468,False,lane_change,51.11200000000008
1371,3899,356,1118847368800,69.553,500.772,6451433.107,1872975.958,9.0,7.0,2,44.7,0.0,7,,,,,,,0,0,0.0,0,us-101,1118847368.8,,,,,,inf,False,False,False,False,591.468,False,lane_change,-90.69599999999997
1372,3899,545,1118847368800,32.021,562.568,6451504.212,1872962.719,13.0,5.9,2,32.6,-2.23,3,,,,,,,"1,369","1,390",80.01,2.45,us-101,1118847368.8,1369.0,80.01200000000006,25.0,7.600000000000001,2.4543558282208604,10.52789473684211,False,False,False,False,591.468,False,lane_change,-28.899999999999977
1373,3899,517,1118847368800,18.921,633.561,6451565.934,1872925.102,12.0,5.5,2,19.53,1.34,2,,,,,,,"1,367","1,388",57.45,2.94,us-101,1118847368.8,1367.0,57.452999999999975,20.0,-0.46999999999999886,2.941781874039937,inf,False,False,False,False,591.468,False,lane_change,42.093000000000075
1386,3899,504,1118847368800,42.35,507.85,6451456.514,1872991.519,22.0,8.5,3,36.08,-0.12,4,,,,,,,"1,365","1,391",153.48,4.25,us-101,1118847368.8,1365.0,153.48000000000002,32.92,3.1599999999999966,4.253880266075389,48.569620253164615,False,False,False,False,591.468,False,lane_change,-83.61799999999994
1388,3899,555,1118847368800,18.897,586.677,6451530.909,1872956.45,14.0,5.4,2,19.97,0.24,2,,,,,,,"1,373","1,394",46.88,2.35,us-101,1118847368.8,1373.0,46.884000000000015,19.53,0.4399999999999977,2.3477215823735613,106.55454545454604,False,False,False,False,591.468,False,lane_change,-4.79099999999994
1389,3899,591,1118847368800,7.747,672.219,6451602.416,1872907.943,14.0,5.4,2,2.51,-11.2,1,,,,,,,"1,370","1,397",34.73,13.84,us-101,1118847368.8,1370.0,34.733999999999924,5.0,-2.49,13.838247011952163,inf,False,True,False,False,591.468,False,lane_change,80.75100000000009
1394,3899,528,1118847368800,21.651,550.016,6451501.75,1872978.833,16.5,5.4,2,22.18,-5.5,2,,,,,,,"1,388","1,399",36.66,1.65,us-101,1118847368.8,1388.0,36.66100000000006,19.97,2.210000000000001,1.6528854824165942,16.58868778280545,False,True,False,True,591.468,False,lane_change,-41.452
1397,3899,615,1118847368800,8.106,622.016,6451564.442,1872940.938,15.5,5.4,2,20.03,0.09,1,,,,,,,"1,389","1,404",50.2,2.51,us-101,1118847368.8,1389.0,50.20300000000009,2.51,17.520000000000003,2.5063904143784366,2.865468036529685,False,False,False,False,591.468,False,lane_change,30.548000000000002
1399,3899,529,1118847368800,18.797,507.895,6451472.258,1873009.037,10.0,5.5,2,22.23,-11.2,2,,,,,,,"1,394","1,405",42.12,1.89,us-101,1118847368.8,1394.0,42.12099999999998,22.18,0.05000000000000071,1.8947818263607727,842.4199999999877,False,True,False,True,591.468,False,lane_change,-83.57299999999998
1404,3899,625,1118847368800,8.944,554.11,6451513.278,1872985.571,10.5,7.0,2,22.18,-8.23,1,,,,,,,"1,397","1,409",67.91,3.06,us-101,1118847368.8,1397.0,67.90599999999995,20.03,2.1499999999999986,3.061587015329123,31.584186046511626,False,True,False,False,591.468,False,lane_change,-37.35799999999995
1409,3899,628,1118847368800,7.012,517.053,6451486.938,1873011.719,13.0,5.9,2,20.49,-5.9,1,,,,,,,"1,404","1,420",37.06,1.81,us-101,1118847368.8,1404.0,37.057000000000016,22.18,-1.6900000000000013,1.8085407515861405,inf,False,True,False,True,591.468,False,lane_change,-74.41499999999996
1362,3900,280,1118847368900,55.709,596.785,6451513.889,1872922.286,15.0,4.9,2,53.69,9.68,5,,,,,,,"1,364","1,368",57.45,1.07,us-101,1118847368.9,1364.0,57.450000000000045,40.0,13.689999999999998,1.070031663252003,4.19649379108839,False,False,False,True,596.785,True,lane_change,0.0
1364,3900,507,1118847368900,54.79,654.235,6451557.845,1872884.473,11.5,5.5,2,40.0,0.0,5,,,,,,,"1,359","1,362",85.0,2.12,us-101,1118847368.9,1359.0,84.99799999999993,40.0,0.0,2.1249499999999983,inf,False,False,False,False,596.785,False,lane_change,57.450000000000045
1365,3900,507,1118847368900,40.986,664.657,6451574.801,1872887.956,15.0,4.9,2,32.74,-4.16,4,,,,,,,"1,360","1,386",77.51,2.37,us-101,1118847368.9,1360.0,77.50699999999995,30.0,2.740000000000002,2.3673488087965775,28.287226277372223,False,True,False,False,596.785,False,lane_change,67.87200000000007
1367,3900,528,1118847368900,19.562,693.013,6451610.228,1872885.362,17.0,5.9,2,20.0,0.0,2,,,,,,,"1,361","1,373",43.22,2.16,us-101,1118847368.9,1361.0,43.222999999999956,22.5,-2.5,2.161149999999998,inf,False,False,False,False,596.785,False,lane_change,96.22800000000007
1368,3900,476,1118847368900,54.968,534.776,6451468.191,1872964.149,10.5,5.0,2,49.82,4.69,5,,,,,,,"1,362","1,387",62.01,1.24,us-101,1118847368.9,1362.0,62.009000000000015,53.69,-3.8699999999999974,1.2446607788036936,inf,False,False,False,True,596.785,False,lane_change,-62.009000000000015
1369,3900,563,1118847368900,30.353,645.08,6451567.088,1872908.877,13.5,5.4,2,25.0,0.0,3,,,,,,,"1,363","1,372",59.51,2.38,us-101,1118847368.9,1363.0,59.507999999999925,25.08,-0.0799999999999983,2.380319999999997,inf,False,False,False,False,596.785,False,lane_change,48.29500000000007
1371,3900,356,1118847368900,69.217,505.287,6451436.697,1872973.199,9.0,7.0,2,44.7,0.0,7,,,,,,,0,0,0.0,0,us-101,1118847368.9,,,,,,inf,False,False,False,False,596.785,False,lane_change,-91.49799999999999
1372,3900,545,1118847368900,31.985,565.815,6451506.64,1872960.597,13.0,5.9,2,32.46,-1.53,3,,,,,,,"1,369","1,390",79.26,2.44,us-101,1118847368.9,1369.0,79.26499999999999,25.0,7.460000000000001,2.4419285274183604,10.62533512064343,False,False,False,False,596.785,False,lane_change,-30.969999999999914
1373,3900,517,1118847368900,18.909,635.508,6451567.445,1872923.792,12.0,5.5,2,19.69,2.83,2,,,,,,,"1,367","1,388",57.5,2.92,us-101,1118847368.9,1367.0,57.504999999999995,20.0,-0.3099999999999987,2.9205180294565767,inf,False,False,False,False,596.785,False,lane_change,38.72300000000007
1386,3900,504,1118847368900,42.231,511.475,6451459.282,1872989.204,22.0,8.5,3,35.9,-2.81,4,,,,,,,"1,365","1,391",153.18,4.27,us-101,1118847368.9,1365.0,153.18200000000002,32.74,3.1599999999999966,4.2669080779944295,48.47531645569626,False,False,False,False,596.785,False,lane_change,-85.30999999999995
1388,3900,555,1118847368900,18.867,588.676,6451532.42,1872955.14,14.0,5.4,2,19.99,0.13,2,,,,,,,"1,373","1,394",46.83,2.34,us-101,1118847368.9,1373.0,46.831999999999994,19.69,0.29999999999999716,2.3427713856928465,156.10666666666813,False,False,False,False,596.785,False,lane_change,-8.108999999999924
1389,3900,591,1118847368900,7.724,672.409,6451602.564,1872907.844,14.0,5.4,2,1.42,-10.21,1,,,,,,,"1,370","1,397",35.04,24.68,us-101,1118847368.9,1370.0,35.04399999999998,5.0,-3.58,24.67887323943661,inf,False,True,False,False,596.785,False,lane_change,75.62400000000002
1394,3900,528,1118847368900,21.731,552.187,6451503.295,1872977.344,16.5,5.4,2,21.76,-2.57,2,,,,,,,"1,388","1,399",36.49,1.68,us-101,1118847368.9,1388.0,36.48900000000003,19.99,1.7700000000000031,1.676884191176472,20.615254237288116,False,False,False,True,596.785,False,lane_change,-44.597999999999956
1397,3900,615,1118847368900,8.075,624.032,6451565.953,1872939.628,15.5,5.4,2,19.9,-2.04,1,,,,,,,"1,389","1,404",48.38,2.43,us-101,1118847368.9,1389.0,48.37699999999995,1.42,18.479999999999997,2.431005025125626,2.617803030303028,False,False,False,False,596.785,False,lane_change,27.24700000000007
1399,3900,529,1118847368900,18.853,510.049,6451473.824,1873007.562,10.0,5.5,2,21.18,-9.29,2,,,,,,,"1,394","1,405",42.14,1.99,us-101,1118847368.9,1394.0,42.138000000000034,21.76,-0.5800000000000018,1.9895184135977353,inf,False,True,False,True,596.785,False,lane_change,-86.73599999999999
1404,3900,625,1118847368900,9.002,556.264,6451514.834,1872984.102,10.5,7.0,2,21.55,-4.57,1,,,,,,,"1,397","1,409",67.77,3.14,us-101,1118847368.9,1397.0,67.76800000000003,19.9,1.6500000000000021,3.1446867749419964,41.071515151515115,False,True,False,False,596.785,False,lane_change,-40.52099999999996
1409,3900,628,1118847368900,7.084,519.046,6451488.358,1873010.353,13.0,5.9,2,20.08,-1.99,1,,,,,,,"1,404","1,420",37.22,1.85,us-101,1118847368.9,1404.0,37.21799999999996,21.55,-1.4700000000000024,1.8534860557768906,inf,False,False,False,True,596.785,False,lane_change,-77.73899999999992
1362,3901,280,1118847369000,55.666,602.223,6451517.983,1872918.683,15.0,4.9,2,54.45,6.26,5,,,,,,,"1,364","1,368",56.01,1.03,us-101,1118847369.0,1364.0,56.01200000000006,40.0,14.450000000000003,1.0286868686868698,3.87626297577855,False,False,False,True,602.223,True,lane_change,0.0
1364,3901,507,1118847369000,54.765,658.235,6451560.867,1872881.853,11.5,5.5,2,40.0,0.0,5,,,,,,,"1,359","1,362",85.0,2.12,us-101,1118847369.0,1359.0,84.99799999999993,40.0,0.0,2.1249499999999983,inf,False,False,False,False,602.223,False,lane_change,56.01200000000006
1365,3901,507,1118847369000,41.004,667.946,6451577.251,1872885.781,15.0,4.9,2,32.12,-9.06,4,,,,,,,"1,360","1,386",77.22,2.4,us-101,1118847369.0,1360.0,77.21799999999996,30.0,2.1199999999999974,2.4040473225404724,36.423584905660405,False,True,False,False,602.223,False,lane_change,65.72300000000007
1367,3901,528,1118847369000,19.55,695.013,6451611.739,1872884.052,17.0,5.9,2,20.0,0.0,2,,,,,,,"1,361","1,373",43.53,2.18,us-101,1118847369.0,1361.0,43.53099999999995,23.63,-3.629999999999999,2.1765499999999975,inf,False,False,False,False,602.223,False,lane_change,92.79000000000008
1368,3901,476,1118847369000,54.976,539.783,6451471.925,1872960.799,10.5,5.0,2,50.35,4.81,5,,,,,,,"1,362","1,387",62.44,1.24,us-101,1118847369.0,1362.0,62.43999999999994,54.45,-4.100000000000001,1.2401191658391248,inf,False,False,False,True,602.223,False,lane_change,-62.43999999999994
1369,3901,563,1118847369000,30.337,647.58,6451568.977,1872907.239,13.5,5.4,2,25.0,0.0,3,,,,,,,"1,363","1,372",59.5,2.38,us-101,1118847369.0,1363.0,59.5,24.99,0.010000000000001563,2.38,5949.99999999907,False,False,False,False,602.223,False,lane_change,45.357000000000085
1371,3901,356,1118847369000,68.881,509.803,6451440.287,1872970.439,9.0,7.0,2,44.7,0.0,7,,,,,,,0,0,0.0,0,us-101,1118847369.0,,,,,,inf,False,False,False,False,602.223,False,lane_change,-92.41999999999996
1372,3901,545,1118847369000,31.916,569.04,6451509.069,1872958.517,13.0,5.9,2,32.4,0.63,3,,,,,,,"1,369","1,390",78.54,2.42,us-101,1118847369.0,1369.0,78.54000000000008,25.0,7.399999999999999,2.4240740740740767,10.613513513513526,False,False,False,False,602.223,False,lane_change,-33.18299999999999
1373,3901,517,1118847369000,18.896,637.498,6451568.956,1872922.482,12.0,5.5,2,19.9,1.53,2,,,,,,,"1,367","1,388",57.51,2.89,us-101,1118847369.0,1367.0,57.514999999999986,20.0,-0.10000000000000142,2.890201005025125,inf,False,False,False,False,602.223,False,lane_change,35.27500000000009
1386,3901,504,1118847369000,42.107,515.079,6451462.076,1872986.872,22.0,8.5,3,35.4,-7.13,4,,,,,,,"1,365","1,391",152.87,4.32,us-101,1118847369.0,1365.0,152.86700000000008,32.12,3.280000000000001,4.318276836158194,46.60579268292684,False,True,False,False,602.223,False,lane_change,-87.144
1388,3901,555,1118847369000,18.836,590.677,6451533.931,1872953.83,14.0,5.4,2,20.0,0.0,2,,,,,,,"1,373","1,394",46.82,2.34,us-101,1118847369.0,1373.0,46.821000000000026,19.9,0.10000000000000142,2.3410500000000014,468.2099999999936,False,False,False,False,602.223,False,lane_change,-11.545999999999935
1389,3901,591,1118847369000,7.682,672.473,6451602.626,1872907.845,14.0,5.4,2,0.61,-6.03,1,,,,,,,"1,370","1,397",35.48,58.16,us-101,1118847369.0,1370.0,35.48000000000002,5.0,-4.39,58.16393442622954,inf,False,True,False,False,602.223,False,lane_change,70.25
1394,3901,528,1118847369000,21.81,554.346,6451504.858,1872975.84,16.5,5.4,2,21.47,-2.35,2,,,,,,,"1,388","1,399",36.33,1.69,us-101,1118847369.0,1388.0,36.33100000000002,20.0,1.4699999999999989,1.6921751280857018,24.71496598639459,False,False,False,True,602.223,False,lane_change,-47.87699999999995
1397,3901,615,1118847369000,8.044,626.039,6451567.486,1872938.299,15.5,5.4,2,19.47,-6.26,1,,,,,,,"1,389","1,404",46.43,2.38,us-101,1118847369.0,1389.0,46.43399999999997,0.61,18.86,2.384899845916794,2.4620360551431584,False,True,False,False,602.223,False,lane_change,23.81600000000003
1399,3901,529,1118847369000,18.91,512.095,6451475.313,1873006.154,10.0,5.5,2,20.46,-5.44,2,,,,,,,"1,394","1,405",42.25,2.07,us-101,1118847369.0,1394.0,42.250999999999976,21.47,-1.009999999999998,2.065053763440859,inf,False,True,False,False,602.223,False,lane_change,-90.12799999999993
1404,3901,625,1118847369000,9.082,558.381,6451516.339,1872982.648,10.5,7.0,2,21.16,-2.5,1,,,,,,,"1,397","1,409",67.66,3.2,us-101,1118847369.0,1397.0,67.65800000000002,19.47,1.6900000000000013,3.197448015122874,40.0343195266272,False,False,False,False,602.223,False,lane_change,-43.841999999999985
1409,3901,628,1118847369000,7.156,521.028,6451489.799,1873008.967,13.0,5.9,2,19.96,0.12,1,,,,,,,"1,404","1,420",37.35,1.87,us-101,1118847369.0,1404.0,37.35299999999995,21.16,-1.1999999999999993,1.8713927855711399,inf,False,False,False,True,602.223,False,lane_change,-81.19499999999994
1362,3902,280,1118847369100,55.58,607.727,6451522.161,1872915.061,15.0,4.9,2,54.89,2.14,5,,,,,,,"1,364","1,368",54.51,0.99,us-101,1118847369.1,1364.0,54.50700000000006,40.0,14.89,0.9930224084532713,3.660644728005377,False,False,False,True,607.727,True,lane_change,0.0
1364,3902,507,1118847369100,54.74,662.234,6451563.89,1872879.233,11.5,5.5,2,40.0,0.0,5,,,,,,,"1,359","1,362",85.0,2.12,us-101,1118847369.1,1359.0,84.99899999999991,40.0,0.0,2.124974999999998,inf,False,False,False,False,607.727,False,lane_change,54.50700000000006
1365,3902,507,1118847369100,40.987,671.115,6451579.65,1872883.698,15.0,4.9,2,31.24,-9.26,4,,,,,,,"1,360","1,386",77.05,2.47,us-101,1118847369.1,1360.0,77.04899999999998,30.0,1.2399999999999984,2.46635723431498,62.136290322580706,False,True,False,False,607.727,False,lane_change,63.388000000000034
1367,3902,528,1118847369100,19.537,697.013,6451613.251,1872882.742,17.0,5.9,2,20.0,0.0,2,,,,,,,"1,361","1,373",43.98,2.2,us-101,1118847369.1,1361.0,43.976,24.46,-4.460000000000001,2.1988,inf,False,False,False,False,607.727,False,lane_change,89.28600000000006
1368,3902,476,1118847369100,54.817,544.823,6451475.756,1872957.586,10.5,5.0,2,51.02,8.13,5,,,,,,,"1,362","1,387",62.9,1.23,us-101,1118847369.1,1362.0,62.903999999999996,54.89,-3.8699999999999974,1.2329282634261072,inf,False,False,False,True,607.727,False,lane_change,-62.903999999999996
1369,3902,563,1118847369100,30.321,650.08,6451570.866,1872905.602,13.5,5.4,2,25.0,0.0,3,,,,,,,"1,363","1,372",59.5,2.38,us-101,1118847369.1,1363.0,59.49699999999996,24.97,0.030000000000001137,2.379879999999998,1983.2333333332567,False,False,False,False,607.727,False,lane_change,42.353000000000065
1371,3902,356,1118847369100,68.545,514.317,6451443.876,1872967.68,9.0,7.0,2,44.7,0.0,7,,,,,,,0,0,0.0,0,us-101,1118847369.1,,,,,,inf,False,False,False,False,607.727,False,lane_change,-93.40999999999997
1372,3902,545,1118847369100,31.886,572.286,6451511.506,1872956.377,13.0,5.9,2,32.36,-0.25,3,,,,,,,"1,369","1,390",77.79,2.4,us-101,1118847369.1,1369.0,77.7940000000001,25.0,7.359999999999999,2.404017305315207,10.569836956521753,False,False,False,False,607.727,False,lane_change,-35.44100000000003
1373,3902,517,1118847369100,18.884,639.508,6451570.467,1872921.172,12.0,5.5,2,20.0,0.0,2,,,,,,,"1,367","1,388",57.5,2.88,us-101,1118847369.1,1367.0,57.504999999999995,20.0,0.0,2.87525,inf,False,False,False,False,607.727,False,lane_change,31.781000000000063
1386,3902,504,1118847369100,42.049,518.605,6451464.749,1872984.558,22.0,8.5,3,34.57,-10.23,4,,,,,,,"1,365","1,391",152.51,4.41,us-101,1118847369.1,1365.0,152.51,31.24,3.330000000000002,4.411628579693375,45.79879879879877,False,True,False,False,607.727,False,lane_change,-89.12199999999996
1388,3902,555,1118847369100,18.804,592.677,6451535.443,1872952.52,14.0,5.4,2,20.0,0.0,2,,,,,,,"1,373","1,394",46.83,2.34,us-101,1118847369.1,1373.0,46.83100000000002,20.0,0.0,2.3415500000000007,inf,False,False,False,False,607.727,False,lane_change,-15.049999999999955
1389,3902,591,1118847369100,7.682,672.477,6451602.604,1872907.864,14.0,5.4,2,0.18,-2.28,1,,,,,,,"1,370","1,397",35.98,199.87,us-101,1118847369.1,1370.0,35.976,5.0,-4.82,199.86666666666667,inf,False,False,False,False,607.727,False,lane_change,64.75
1394,3902,528,1118847369100,21.88,556.485,6451506.433,1872974.338,16.5,5.4,2,21.21,-3.07,2,,,,,,,"1,388","1,399",36.19,1.71,us-101,1118847369.1,1388.0,36.19200000000001,20.0,1.2100000000000009,1.7063649222065067,29.910743801652877,False,True,False,True,607.727,False,lane_change,-51.24199999999996
1397,3902,615,1118847369100,8.055,627.988,6451568.936,1872936.988,15.5,5.4,2,18.6,-11.2,1,,,,,,,"1,389","1,404",44.49,2.39,us-101,1118847369.1,1389.0,44.48899999999992,0.18,18.42,2.391881720430103,2.415255157437563,False,True,False,False,607.727,False,lane_change,20.26100000000008
1399,3902,529,1118847369100,18.981,514.09,6451476.733,1873004.788,10.0,5.5,2,20.08,-1.91,2,,,,,,,"1,394","1,405",42.39,2.11,us-101,1118847369.1,1394.0,42.39499999999998,21.21,-1.1300000000000026,2.1113047808764933,inf,False,False,False,False,607.727,False,lane_change,-93.63699999999994
1404,3902,625,1118847369100,9.179,560.486,6451517.866,1872981.152,10.5,7.0,2,20.85,-3.13,1,,,,,,,"1,397","1,409",67.5,3.24,us-101,1118847369.1,1397.0,67.50200000000007,18.6,2.25,3.23750599520384,30.00088888888892,False,True,False,False,607.727,False,lane_change,-47.240999999999985
1409,3902,628,1118847369100,7.23,523.022,6451491.24,1873007.58,13.0,5.9,2,19.97,0.27,1,,,,,,,"1,404","1,420",37.46,1.88,us-101,1118847369.1,1404.0,37.46399999999994,20.85,-0.8800000000000026,1.8760140210315446,inf,False,False,False,True,607.727,False,lane_change,-84.70499999999993
1362,3903,280,1118847369200,55.495,613.244,6451526.317,1872911.458,15.0,4.9,2,55.02,-0.07,5,,,,,,,"1,364","1,368",52.99,0.96,us-101,1118847369.2,1364.0,52.990999999999985,40.0,15.020000000000003,0.9631225009087602,3.5280292942742992,False,False,False,True,613.244,True,lane_change,0.0
1363,3903,567,1118847369200,29.681,712.074,6451617.878,1872865.181,13.5,5.9,2,24.97,-0.05,3,,,,,,,"1,354","1,369",48.46,1.94,us-101,1118847369.2,1354.0,48.460000000000036,28.78,-3.8100000000000023,1.940728874649581,inf,False,False,False,True,613.244,False,lane_change,98.82999999999993
1364,3903,507,1118847369200,54.715,666.235,6451566.912,1872876.613,11.5,5.5,2,40.0,0.0,5,,,,,,,"1,359","1,362",85.0,2.12,us-101,1118847369.2,1359.0,84.99799999999993,40.0,0.0,2.1249499999999983,inf,False,False,False,False,613.244,False,lane_change,52.990999999999985
1365,3903,507,1118847369200,40.926,674.172,6451581.979,1872881.734,15.0,4.9,2,30.51,-5.86,4,,,,,,,"1,360","1,386",76.99,2.52,us-101,1118847369.2,1360.0,76.99199999999996,30.0,0.5100000000000016,2.5235004916420833,150.9647058823524,False,True,False,False,613.244,False,lane_change,60.928
1367,3903,528,1118847369200,19.524,699.013,6451614.762,1872881.432,17.0,5.9,2,20.0,0.0,2,,,,,,,"1,361","1,373",44.48,2.22,us-101,1118847369.2,1361.0,44.48299999999995,24.9,-4.899999999999999,2.224149999999997,inf,False,False,False,False,613.244,False,lane_change,85.769
1368,3903,476,1118847369200,54.648,549.948,6451479.68,1872954.303,10.5,5.0,2,51.91,10.51,5,,,,,,,"1,362","1,387",63.3,1.22,us-101,1118847369.2,1362.0,63.29600000000005,55.02,-3.1100000000000065,1.2193411674051253,inf,False,False,False,True,613.244,False,lane_change,-63.29600000000005
1369,3903,563,1118847369200,30.306,652.58,6451572.755,1872903.964,13.5,5.4,2,25.0,0.0,3,,,,,,,"1,363","1,372",59.49,2.38,us-101,1118847369.2,1363.0,59.493999999999915,24.97,0.030000000000001137,2.3797599999999965,1983.1333333332552,False,False,False,False,613.244,False,lane_change,39.33600000000001
1370,3903,583,1118847369200,9.705,708.953,6451628.71,1872882.253,14.5,4.9,2,5.0,0.0,1,,,,,,,"1,366","1,389",31.62,6.32,us-101,1118847369.2,1366.0,31.623000000000047,6.67,-1.67,6.324600000000009,inf,False,False,False,False,613.244,False,lane_change,95.70899999999995
1371,3903,356,1118847369200,68.197,518.829,6451447.483,1872964.921,9.0,7.0,2,44.7,-3.95,7,,,,,,,0,0,0.0,0,us-101,1118847369.2,,,,,,inf,False,True,False,False,613.244,False,lane_change,-94.41500000000008
1372,3903,545,1118847369200,31.937,575.538,6451513.932,1872954.14,13.0,5.9,2,32.2,-3.06,3,,,,,,,"1,369","1,390",77.04,2.39,us-101,1118847369.2,1369.0,77.04200000000003,25.0,7.200000000000003,2.3926086956521746,10.700277777777778,False,True,False,False,613.244,False,lane_change,-37.70600000000002
1373,3903,517,1118847369200,18.871,641.508,6451571.979,1872919.862,12.0,5.5,2,20.0,0.0,2,,,,,,,"1,367","1,388",57.5,2.88,us-101,1118847369.2,1367.0,57.504999999999995,20.0,0.0,2.87525,inf,False,False,False,False,613.244,False,lane_change,28.26400000000001
1386,3903,504,1118847369200,41.986,522.004,6451467.319,1872982.345,22.0,8.5,3,33.65,-8.96,4,,,,,,,"1,365","1,391",152.17,4.52,us-101,1118847369.2,1365.0,152.168,30.51,3.139999999999997,4.522080237741457,48.46114649681533,False,True,False,False,613.244,False,lane_change,-91.24000000000001
1388,3903,555,1118847369200,18.774,594.676,6451536.954,1872951.21,14.0,5.4,2,20.0,0.0,2,,,,,,,"1,373","1,394",46.83,2.34,us-101,1118847369.2,1373.0,46.831999999999994,20.0,0.0,2.3415999999999997,inf,False,False,False,False,613.244,False,lane_change,-18.567999999999984
1389,3903,591,1118847369200,7.682,672.477,6451602.604,1872907.864,14.0,5.4,2,0.0,0.0,1,,,,,,,"1,370","1,397",36.48,"9,999.99",us-101,1118847369.2,1370.0,36.476,5.0,-5.0,,inf,False,False,False,False,613.244,False,lane_change,59.23299999999995
1394,3903,528,1118847369200,21.933,558.588,6451507.952,1872972.909,16.5,5.4,2,20.98,-2.3,2,,,,,,,"1,388","1,399",36.09,1.72,us-101,1118847369.2,1388.0,36.08800000000008,20.0,0.9800000000000004,1.7201143946615862,36.82448979591843,False,False,False,True,613.244,False,lane_change,-54.65600000000006
1397,3903,615,1118847369200,8.049,629.781,6451570.299,1872935.777,15.5,5.4,2,17.38,-11.2,1,,,,,,,"1,389","1,404",42.7,2.46,us-101,1118847369.2,1389.0,42.696000000000026,0.0,17.38,2.4566168009206,2.4566168009206,False,True,False,False,613.244,False,lane_change,16.53699999999992
1399,3903,529,1118847369200,19.055,516.073,6451478.174,1873003.401,10.0,5.5,2,19.96,0.06,2,,,,,,,"1,394","1,405",42.51,2.13,us-101,1118847369.2,1394.0,42.514999999999986,20.98,-1.0199999999999996,2.1300100200400793,inf,False,False,False,False,613.244,False,lane_change,-97.17100000000005
1404,3903,625,1118847369200,9.244,562.561,6451519.383,1872979.708,10.5,7.0,2,20.51,-4.04,1,,,,,,,"1,397","1,409",67.22,3.28,us-101,1118847369.2,1397.0,67.21999999999991,17.38,3.1300000000000026,3.277425646026324,21.476038338658103,False,True,False,False,613.244,False,lane_change,-50.68299999999999
1409,3903,628,1118847369200,7.302,525.023,6451492.682,1873006.193,13.0,5.9,2,19.99,0.0,1,,,,,,,"1,404","1,420",37.54,1.88,us-101,1118847369.2,1404.0,37.53800000000001,20.51,-0.5200000000000031,1.8778389194597305,inf,False,False,False,True,613.244,False,lane_change,-88.221
1362,3904,280,1118847369300,55.41,618.778,6451530.473,1872907.856,15.0,4.9,2,54.74,-4.65,5,,,,,,,"1,364","1,368",51.46,0.94,us-101,1118847369.3,1364.0,51.45600000000002,40.0,14.740000000000002,0.9400073072707347,3.4909090909090916,False,True,False,True,618.778,True,lane_change,0.0
1363,3904,567,1118847369300,29.665,714.56,6451619.767,1872863.543,13.5,5.9,2,25.08,1.67,3,,,,,,,"1,354","1,369",48.85,1.95,us-101,1118847369.3,1354.0,48.846000000000004,28.71,-3.6300000000000026,1.9476076555023927,inf,False,False,False,True,618.778,False,lane_change,95.78199999999993
1364,3904,507,1118847369300,54.689,670.234,6451569.935,1872873.993,11.5,5.5,2,40.0,0.0,5,,,,,,,"1,359","1,362",85.0,2.12,us-101,1118847369.3,1359.0,84.99899999999991,40.0,0.0,2.124974999999998,inf,False,False,False,False,618.778,False,lane_change,51.45600000000002
1365,3904,507,1118847369300,40.907,677.168,6451584.224,1872879.788,15.0,4.9,2,30.1,-2.06,4,,,,,,,"1,360","1,386",77.0,2.56,us-101,1118847369.3,1360.0,76.99599999999998,30.0,0.10000000000000142,2.558006644518272,769.9599999999889,False,False,False,False,618.778,False,lane_change,58.389999999999986
1367,3904,528,1118847369300,19.512,701.013,6451616.273,1872880.122,17.0,5.9,2,20.0,0.0,2,,,,,,,"1,361","1,373",45.0,2.25,us-101,1118847369.3,1361.0,44.99899999999991,25.03,-5.030000000000001,2.2499499999999957,inf,False,False,False,False,618.778,False,lane_change,82.23500000000001
1368,3904,476,1118847369300,54.529,555.204,6451483.691,1872950.876,10.5,5.0,2,52.8,8.23,5,,,,,,,"1,362","1,387",63.57,1.2,us-101,1118847369.3,1362.0,63.57400000000007,54.74,-1.9400000000000048,1.2040530303030317,inf,False,False,False,True,618.778,False,lane_change,-63.57400000000007
1369,3904,563,1118847369300,30.291,655.08,6451574.644,1872902.326,13.5,5.4,2,25.0,0.0,3,,,,,,,"1,363","1,372",59.48,2.38,us-101,1118847369.3,1363.0,59.479999999999905,25.08,-0.0799999999999983,2.379199999999996,inf,False,False,False,False,618.778,False,lane_change,36.30200000000002
1370,3904,583,1118847369300,9.701,709.453,6451629.088,1872881.926,14.5,4.9,2,5.0,0.0,1,,,,,,,"1,366","1,389",31.83,6.37,us-101,1118847369.3,1366.0,31.83000000000004,7.5,-2.5,6.3660000000000085,inf,False,False,False,False,618.778,False,lane_change,90.67499999999995
1371,3904,356,1118847369300,67.93,523.283,6451450.97,1872962.161,9.0,7.0,2,44.3,-4.45,7,,,,,,,0,0,0.0,0,us-101,1118847369.3,,,,,,inf,False,True,False,False,618.778,False,lane_change,-95.495
1372,3904,545,1118847369300,31.992,578.751,6451516.287,1872951.96,13.0,5.9,2,31.9,-3.89,3,,,,,,,"1,369","1,390",76.33,2.39,us-101,1118847369.3,1369.0,76.32900000000006,25.0,6.899999999999999,2.392758620689657,11.06217391304349,False,True,False,False,618.778,False,lane_change,-40.027000000000044
1373,3904,517,1118847369300,18.858,643.506,6451573.49,1872918.552,12.0,5.5,2,20.02,0.25,2,,,,,,,"1,367","1,388",57.51,2.87,us-101,1118847369.3,1367.0,57.50700000000006,20.0,0.019999999999999574,2.8724775224775256,2875.3500000000645,False,False,False,False,618.778,False,lane_change,24.727999999999952
1386,3904,504,1118847369300,41.916,525.29,6451469.812,1872980.209,22.0,8.5,3,33.05,-3.56,4,,,,,,,"1,365","1,391",151.88,4.6,us-101,1118847369.3,1365.0,151.87800000000004,30.1,2.9499999999999957,4.595400907715584,51.48406779661026,False,True,False,False,618.778,False,lane_change,-93.48800000000006
1388,3904,555,1118847369300,18.743,596.676,6451538.465,1872949.9,14.0,5.4,2,20.0,0.0,2,,,,,,,"1,373","1,394",46.83,2.34,us-101,1118847369.3,1373.0,46.82999999999993,20.02,-0.019999999999999574,2.3414999999999964,inf,False,False,False,False,618.778,False,lane_change,-22.101999999999975
1389,3904,591,1118847369300,7.682,672.477,6451602.604,1872907.864,14.0,5.4,2,0.0,0.0,1,,,,,,,"1,370","1,397",36.98,"9,999.99",us-101,1118847369.3,1370.0,36.976,5.0,-5.0,,inf,False,False,False,False,618.778,False,lane_change,53.698999999999955
1394,3904,528,1118847369300,21.975,560.663,6451509.454,1872971.509,16.5,5.4,2,20.83,-0.47,2,,,,,,,"1,388","1,399",36.01,1.73,us-101,1118847369.3,1388.0,36.013000000000034,20.0,0.8299999999999983,1.7289006240998577,43.38915662650616,False,False,False,True,618.778,False,lane_change,-58.11500000000001
1397,3904,615,1118847369300,8.001,631.464,6451571.58,1872934.695,15.5,5.4,2,16.18,-11.2,1,,,,,,,"1,389","1,404",41.01,2.53,us-101,1118847369.3,1389.0,41.01299999999992,0.0,16.18,2.534796044499377,2.534796044499377,False,True,False,False,618.778,False,lane_change,12.686000000000035
1404,3904,625,1118847369300,9.242,564.581,6451520.88,1872978.372,10.5,7.0,2,20.25,-2.04,1,,,,,,,"1,397","1,409",66.88,3.3,us-101,1118847369.3,1397.0,66.88300000000004,16.18,4.07,3.302864197530866,16.43316953316954,False,False,False,False,618.778,False,lane_change,-54.197
1409,3904,628,1118847369300,7.375,527.022,6451494.123,1873004.807,13.0,5.9,2,19.99,0.0,1,,,,,,,"1,404","1,420",37.56,1.88,us-101,1118847369.3,1404.0,37.55899999999997,20.25,-0.26000000000000156,1.8788894447223599,inf,False,False,False,True,618.778,False,lane_change,-91.75599999999997
1362,3905,280,1118847369400,55.325,624.249,6451534.629,1872904.253,15.0,4.9,2,54.07,-8.55,5,,,,,,,"1,364","1,368",49.99,0.92,us-101,1118847369.4,1364.0,49.985000000000014,40.0,14.07,0.924449787312743,3.552594171997158,False,True,False,True,624.249,True,lane_change,0.0
1363,3905,567,1118847369400,29.649,717.058,6451621.634,1872861.925,13.5,5.9,2,25.39,4.47,3,,,,,,,"1,354","1,369",49.19,1.94,us-101,1118847369.4,1354.0,49.19200000000001,28.8,-3.41,1.9374556912170149,inf,False,False,False,True,624.249,False,lane_change,92.80899999999997
1364,3905,507,1118847369400,54.664,674.234,6451572.957,1872871.373,11.5,5.5,2,40.0,0.0,5,,,,,,,"1,359","1,362",85.0,2.12,us-101,1118847369.4,1359.0,84.99799999999993,40.0,0.0,2.1249499999999983,inf,False,False,False,False,624.249,False,lane_change,49.985000000000014
1365,3905,507,1118847369400,40.888,680.152,6451586.491,1872877.823,15.0,4.9,2,29.97,0.07,4,,,,,,,"1,360","1,386",77.01,2.57,us-101,1118847369.4,1360.0,77.01199999999994,30.0,-0.030000000000001137,2.5696363029696343,inf,False,False,False,False,624.249,False,lane_change,55.90300000000002
1367,3905,528,1118847369400,19.499,703.013,6451617.784,1872878.812,17.0,5.9,2,20.0,0.0,2,,,,,,,"1,361","1,373",45.5,2.28,us-101,1118847369.4,1361.0,45.50400000000002,25.02,-5.02,2.2752000000000008,inf,False,False,False,False,624.249,False,lane_change,78.76400000000001
1368,3905,476,1118847369400,54.452,560.561,6451487.741,1872947.357,10.5,5.0,2,53.33,2.65,5,,,,,,,"1,362","1,387",63.69,1.19,us-101,1118847369.4,1362.0,63.68799999999999,54.07,-0.740000000000002,1.1942246390399398,inf,False,False,False,True,624.249,False,lane_change,-63.68799999999999
1369,3905,563,1118847369400,30.275,657.58,6451576.533,1872900.689,13.5,5.4,2,25.0,0.0,3,,,,,,,"1,363","1,372",59.48,2.38,us-101,1118847369.4,1363.0,59.47799999999995,25.39,-0.39000000000000057,2.379119999999998,inf,False,False,False,False,624.249,False,lane_change,33.33100000000002
1370,3905,583,1118847369400,9.698,709.953,6451629.466,1872881.598,14.5,4.9,2,5.0,0.0,1,,,,,,,"1,366","1,389",32.12,6.42,us-101,1118847369.4,1366.0,32.12300000000005,8.33,-3.33,6.42460000000001,inf,False,False,False,False,624.249,False,lane_change,85.70399999999995
1371,3905,356,1118847369400,67.693,527.678,6451454.415,1872959.398,9.0,7.0,2,43.98,-2.36,7,,,,,,,0,0,0.0,0,us-101,1118847369.4,,,,,,inf,False,False,False,False,624.249,False,lane_change,-96.57100000000003
1372,3905,545,1118847369400,31.98,581.91,6451518.623,1872949.886,13.0,5.9,2,31.63,-1.77,3,,,,,,,"1,369","1,390",75.67,2.39,us-101,1118847369.4,1369.0,75.67000000000007,25.0,6.629999999999999,2.392349035725579,11.413273001508308,False,False,False,False,624.249,False,lane_change,-42.339000000000055
1373,3905,517,1118847369400,18.846,645.511,6451575.001,1872917.242,12.0,5.5,2,20.03,0.07,2,,,,,,,"1,367","1,388",57.5,2.87,us-101,1118847369.4,1367.0,57.502000000000066,20.0,0.030000000000001137,2.870793809286074,1916.7333333332629,False,False,False,False,624.249,False,lane_change,21.261999999999944
1386,3905,504,1118847369400,41.976,528.545,6451472.175,1872978.016,22.0,8.5,3,32.91,1.27,4,,,,,,,"1,365","1,391",151.61,4.61,us-101,1118847369.4,1365.0,151.60700000000008,29.97,2.9399999999999977,4.606715284108176,51.56700680272116,False,False,False,False,624.249,False,lane_change,-95.70400000000006
1388,3905,555,1118847369400,18.712,598.676,6451539.976,1872948.59,14.0,5.4,2,20.0,0.0,2,,,,,,,"1,373","1,394",46.84,2.34,us-101,1118847369.4,1373.0,46.83499999999992,20.03,-0.030000000000001137,2.3417499999999962,inf,False,False,False,False,624.249,False,lane_change,-25.57299999999998
1389,3905,591,1118847369400,7.682,672.477,6451602.604,1872907.864,14.0,5.4,2,0.0,0.0,1,,,,,,,"1,370","1,397",37.48,"9,999.99",us-101,1118847369.4,1370.0,37.476,5.0,-5.0,,inf,False,False,False,False,624.249,False,lane_change,48.22799999999995
1394,3905,528,1118847369400,22.016,562.74,6451510.982,1872970.087,16.5,5.4,2,20.76,-0.35,2,,,,,,,"1,388","1,399",35.94,1.73,us-101,1118847369.4,1388.0,35.936000000000035,20.0,0.7600000000000016,1.7310211946050111,47.28421052631574,False,False,False,True,624.249,False,lane_change,-61.509000000000015
1397,3905,615,1118847369400,7.936,632.992,6451572.776,1872933.713,15.5,5.4,2,15.34,-5.87,1,,,,,,,"1,389","1,404",39.49,2.57,us-101,1118847369.4,1389.0,39.485000000000014,0.0,15.34,2.5739895697522823,2.5739895697522823,False,True,False,False,624.249,False,lane_change,8.742999999999938
1404,3905,625,1118847369400,9.216,566.569,6451522.369,1872977.076,10.5,7.0,2,20.25,2.1,1,,,,,,,"1,397","1,409",66.42,3.28,us-101,1118847369.4,1397.0,66.423,15.34,4.91,3.280148148148148,13.528105906313646,False,False,False,False,624.249,False,lane_change,-57.680000000000064
1409,3905,628,1118847369400,7.447,529.02,6451495.565,1873003.42,13.0,5.9,2,19.99,0.0,1,,,,,,,"1,404","1,420",37.55,1.88,us-101,1118847369.4,1404.0,37.54899999999998,20.25,-0.26000000000000156,1.8783891945972977,inf,False,False,False,True,624.249,False,lane_change,-95.22900000000004
1362,3906,280,1118847369500,55.24,629.593,6451538.785,1872900.651,15.0,4.9,2,53.57,-4.64,5,,,,,,,"1,364","1,368",48.64,0.91,us-101,1118847369.5,1364.0,48.641000000000076,40.0,13.57,0.9079895463879051,3.5844509948415677,False,True,False,True,629.593,True,lane_change,0.0
1363,3906,567,1118847369500,29.617,719.612,6451623.569,1872860.269,13.5,5.9,2,25.85,5.53,3,,,,,,,"1,354","1,369",49.51,1.92,us-101,1118847369.5,1354.0,49.50800000000004,29.15,-3.299999999999997,1.9152030947775642,inf,False,False,False,True,629.593,False,lane_change,90.019
1364,3906,507,1118847369500,54.639,678.234,6451575.98,1872868.753,11.5,5.5,2,40.0,0.0,5,,,,,,,"1,359","1,362",85.0,2.12,us-101,1118847369.5,1359.0,84.99799999999993,40.0,0.0,2.1249499999999983,inf,False,False,False,False,629.593,False,lane_change,48.641000000000076
1365,3906,507,1118847369500,40.869,683.147,6451588.758,1872875.858,15.0,4.9,2,29.98,0.25,4,,,,,,,"1,360","1,386",77.02,2.57,us-101,1118847369.5,1360.0,77.01699999999994,30.0,-0.019999999999999574,2.568945963975982,inf,False,False,False,False,629.593,False,lane_change,53.55400000000009
1367,3906,528,1118847369500,19.487,705.015,6451619.295,1872877.502,17.0,5.9,2,19.98,-0.25,2,,,,,,,"1,361","1,373",46.0,2.3,us-101,1118847369.5,1361.0,46.0,25.0,-5.02,2.3023023023023024,inf,False,False,False,False,629.593,False,lane_change,75.42200000000003
1368,3906,476,1118847369500,54.373,565.946,6451491.814,1872943.82,10.5,5.0,2,53.33,-2.93,5,,,,,,,"1,362","1,387",63.65,1.19,us-101,1118847369.5,1362.0,63.646999999999935,53.57,-0.240000000000002,1.1934558409900606,inf,False,False,False,True,629.593,False,lane_change,-63.646999999999935
1369,3906,563,1118847369500,30.259,660.08,6451578.422,1872899.051,13.5,5.4,2,25.0,0.0,3,,,,,,,"1,363","1,372",59.53,2.38,us-101,1118847369.5,1363.0,59.531999999999925,25.85,-0.8500000000000014,2.381279999999997,inf,False,False,False,False,629.593,False,lane_change,30.48700000000008
1370,3906,583,1118847369500,9.695,710.453,6451629.844,1872881.271,14.5,4.9,2,5.0,0.0,1,,,,,,,"1,366","1,389",32.51,6.5,us-101,1118847369.5,1366.0,32.50599999999997,9.08,-4.08,6.5011999999999945,inf,False,False,False,False,629.593,False,lane_change,80.86000000000001
1371,3906,356,1118847369500,67.524,532.05,6451457.759,1872956.633,9.0,7.0,2,43.85,-0.13,7,,,,,,,0,0,0.0,0,us-101,1118847369.5,,,,,,inf,False,False,False,False,629.593,False,lane_change,-97.543
1372,3906,545,1118847369500,31.931,585.049,6451521.004,1872947.823,13.0,5.9,2,31.54,0.41,3,,,,,,,"1,369","1,390",75.03,2.38,us-101,1118847369.5,1369.0,75.03100000000006,25.0,6.539999999999999,2.3789156626506043,11.472629969418971,False,False,False,False,629.593,False,lane_change,-44.54399999999998
1373,3906,517,1118847369500,18.834,647.524,6451576.512,1872915.932,12.0,5.5,2,19.93,-1.64,2,,,,,,,"1,367","1,388",57.49,2.88,us-101,1118847369.5,1367.0,57.490999999999985,19.98,-0.05000000000000071,2.884646261916708,inf,False,False,False,False,629.593,False,lane_change,17.93100000000004
1386,3906,504,1118847369500,42.104,531.839,6451474.54,1872975.729,22.0,8.5,3,32.98,1.35,4,,,,,,,"1,365","1,391",151.31,4.59,us-101,1118847369.5,1365.0,151.308,29.98,2.9999999999999964,4.587871437234688,50.43600000000006,False,False,False,False,629.593,False,lane_change,-97.7539999999999
1388,3906,555,1118847369500,18.681,600.676,6451541.488,1872947.28,14.0,5.4,2,20.0,0.0,2,,,,,,,"1,373","1,394",46.85,2.34,us-101,1118847369.5,1373.0,46.847999999999956,19.93,0.07000000000000028,2.342399999999998,669.2571428571396,False,False,False,False,629.593,False,lane_change,-28.916999999999916
1389,3906,591,1118847369500,7.682,672.477,6451602.604,1872907.864,14.0,5.4,2,0.0,0.0,1,,,,,,,"1,370","1,397",37.98,"9,999.99",us-101,1118847369.5,1370.0,37.976,5.0,-5.0,,inf,False,False,False,False,629.593,False,lane_change,42.884000000000015
1394,3906,528,1118847369500,22.084,564.825,6451512.5,1872968.639,16.5,5.4,2,20.63,-2.11,2,,,,,,,"1,388","1,399",35.85,1.74,us-101,1118847369.5,1388.0,35.851,20.0,0.629999999999999,1.7378090159961221,56.9063492063493,False,False,False,True,629.593,False,lane_change,-64.76799999999992
1397,3906,615,1118847369500,7.927,634.46,6451573.887,1872932.75,15.5,5.4,2,14.97,-0.69,1,,,,,,,"1,389","1,404",38.02,2.54,us-101,1118847369.5,1389.0,38.01699999999994,0.0,14.97,2.5395457581830287,2.5395457581830287,False,False,False,False,629.593,False,lane_change,4.8670000000000755
1404,3906,625,1118847369500,9.214,568.588,6451523.866,1872975.74,10.5,7.0,2,20.54,4.36,1,,,,,,,"1,397","1,409",65.87,3.21,us-101,1118847369.5,1397.0,65.87200000000007,14.97,5.5699999999999985,3.207010710808183,11.826211849192116,False,False,False,False,629.593,False,lane_change,-61.004999999999995
1409,3906,628,1118847369500,7.52,531.019,6451497.006,1873002.034,13.0,5.9,2,19.99,0.0,1,,,,,,,"1,404","1,420",37.57,1.88,us-101,1118847369.5,1404.0,37.56899999999996,20.54,-0.5500000000000007,1.8793896948474218,inf,False,False,False,True,629.593,False,lane_change,-98.57399999999996
1362,3907,280,1118847369600,55.143,634.879,6451542.96,1872897.071,15.0,4.9,2,53.53,3.62,5,,,,,,,"1,364","1,368",47.36,0.88,us-101,1118847369.6,1364.0,47.35500000000002,40.0,13.530000000000001,0.8846441247898378,3.500000000000001,False,False,False,True,634.879,True,lane_change,0.0
1363,3907,567,1118847369600,29.617,722.242,6451625.548,1872858.532,13.5,5.9,2,26.22,2.58,3,,,,,,,"1,354","1,369",49.82,1.9,us-101,1118847369.6,1354.0,49.822,29.62,-3.400000000000002,1.900152555301297,inf,False,False,False,True,634.879,False,lane_change,87.36299999999994
1364,3907,507,1118847369600,54.614,682.234,6451579.002,1872866.133,11.5,5.5,2,40.0,0.0,5,,,,,,,"1,359","1,362",85.0,2.12,us-101,1118847369.6,1359.0,84.99799999999993,40.0,0.0,2.1249499999999983,inf,False,False,False,False,634.879,False,lane_change,47.35500000000002
1365,3907,507,1118847369600,40.85,686.149,6451591.025,1872873.893,15.0,4.9,2,30.0,0.0,4,,,,,,,"1,360","1,386",77.01,2.57,us-101,1118847369.6,1360.0,77.01499999999999,30.0,0.0,2.567166666666666,inf,False,False,False,False,634.879,False,lane_change,51.26999999999998
1367,3907,528,1118847369600,19.474,707.01,6451620.807,1872876.192,17.0,5.9,2,19.97,-0.08,2,,,,,,,"1,361","1,373",46.5,2.33,us-101,1118847369.6,1361.0,46.504999999999995,25.0,-5.030000000000001,2.328743114672008,inf,False,False,False,False,634.879,False,lane_change,72.13099999999997
1368,3907,476,1118847369600,54.319,571.297,6451495.83,1872940.301,10.5,5.0,2,52.82,-7.53,5,,,,,,,"1,362","1,387",63.58,1.2,us-101,1118847369.6,1362.0,63.581999999999994,53.53,-0.7100000000000009,1.2037485800833017,inf,False,True,False,True,634.879,False,lane_change,-63.581999999999994
1369,3907,563,1118847369600,30.243,662.58,6451580.311,1872897.414,13.5,5.4,2,25.0,0.0,3,,,,,,,"1,363","1,372",59.66,2.39,us-101,1118847369.6,1363.0,59.66199999999992,26.22,-1.2199999999999989,2.386479999999997,inf,False,False,False,False,634.879,False,lane_change,27.701000000000022
1370,3907,583,1118847369600,9.692,710.953,6451630.221,1872880.943,14.5,4.9,2,5.0,0.0,1,,,,,,,"1,366","1,389",32.96,6.59,us-101,1118847369.6,1366.0,32.96500000000003,9.63,-4.630000000000001,6.593000000000006,inf,False,False,False,False,634.879,False,lane_change,76.07399999999996
1371,3907,356,1118847369600,67.307,536.43,6451461.174,1872953.87,9.0,7.0,2,43.81,0.14,7,,,,,,,0,0,0.0,0,us-101,1118847369.6,,,,,,inf,False,False,False,False,634.879,False,lane_change,-98.44900000000007
1372,3907,545,1118847369600,31.876,588.2,6451523.389,1872945.764,13.0,5.9,2,31.59,0.87,3,,,,,,,"1,369","1,390",74.38,2.35,us-101,1118847369.6,1369.0,74.38,25.0,6.59,2.354542576764799,11.286798179059181,False,False,False,False,634.879,False,lane_change,-46.678999999999974
1373,3907,517,1118847369600,18.82,649.527,6451578.046,1872914.603,12.0,5.5,2,19.61,-4.54,2,,,,,,,"1,367","1,388",57.48,2.93,us-101,1118847369.6,1367.0,57.48299999999995,19.97,-0.35999999999999943,2.9313105558388552,inf,False,True,False,False,634.879,False,lane_change,14.648000000000025
1386,3907,504,1118847369600,42.233,535.168,6451476.967,1872973.385,22.0,8.5,3,32.88,-2.82,4,,,,,,,"1,365","1,391",150.98,4.59,us-101,1118847369.6,1365.0,150.981,30.0,2.8800000000000026,4.591879562043795,52.42395833333328,False,False,False,False,634.879,False,lane_change,-99.71100000000001
1388,3907,555,1118847369600,18.65,602.675,6451542.999,1872945.97,14.0,5.4,2,20.0,0.0,2,,,,,,,"1,373","1,394",46.85,2.34,us-101,1118847369.6,1373.0,46.85200000000009,19.61,0.39000000000000057,2.3426000000000045,120.13333333333338,False,False,False,False,634.879,False,lane_change,-32.204000000000065
1389,3907,591,1118847369600,7.682,672.477,6451602.604,1872907.864,14.0,5.4,2,0.0,0.0,1,,,,,,,"1,370","1,397",38.48,"9,999.99",us-101,1118847369.6,1370.0,38.476,5.0,-5.0,,inf,False,False,False,False,634.879,False,lane_change,37.597999999999956
1394,3907,528,1118847369600,22.103,566.884,6451514.028,1872967.246,16.5,5.4,2,20.4,-2.98,2,,,,,,,"1,388","1,399",35.79,1.75,us-101,1118847369.6,1388.0,35.79099999999994,20.0,0.3999999999999986,1.7544607843137228,89.47750000000016,False,False,False,True,634.879,False,lane_change,-67.995
1397,3907,615,1118847369600,7.917,635.941,6451575.02,1872931.768,15.5,5.4,2,14.95,0.89,1,,,,,,,"1,389","1,404",36.54,2.44,us-101,1118847369.6,1389.0,36.535999999999945,0.0,14.95,2.4438795986622037,2.4438795986622037,False,False,False,False,634.879,False,lane_change,1.0620000000000118
1404,3907,625,1118847369600,9.279,570.67,6451525.383,1872974.296,10.5,7.0,2,20.88,3.06,1,,,,,,,"1,397","1,409",65.27,3.13,us-101,1118847369.6,1397.0,65.27100000000007,14.95,5.93,3.1260057471264404,11.00691399662733,False,False,False,False,634.879,False,lane_change,-64.20900000000006
1362,3908,280,1118847369700,55.139,640.205,6451547.069,1872893.469,15.0,4.9,2,54.01,9.03,5,,,,,,,"1,364","1,368",46.03,0.85,us-101,1118847369.7,1364.0,46.028999999999996,40.0,14.009999999999998,0.8522310683206813,3.285438972162741,False,False,False,True,640.205,True,lane_change,0.0
1363,3908,567,1118847369700,29.6,724.91,6451627.587,1872856.765,13.5,5.9,2,26.22,-2.56,3,,,,,,,"1,354","1,369",50.16,1.91,us-101,1118847369.7,1354.0,50.15700000000004,29.98,-3.7600000000000016,1.9129290617848986,inf,False,False,False,True,640.205,False,lane_change,84.70499999999993
1364,3908,507,1118847369700,54.588,686.234,6451582.025,1872863.513,11.5,5.5,2,40.0,0.0,5,,,,,,,"1,359","1,362",85.0,2.12,us-101,1118847369.7,1359.0,84.995,40.03,-0.030000000000001137,2.1248750000000003,inf,False,False,False,False,640.205,False,lane_change,46.028999999999996
1365,3908,507,1118847369700,40.832,689.149,6451593.291,1872871.928,15.0,4.9,2,30.0,0.0,4,,,,,,,"1,360","1,386",77.01,2.57,us-101,1118847369.7,1360.0,77.01499999999999,30.0,0.0,2.567166666666666,inf,False,False,False,False,640.205,False,lane_change,48.94399999999996
1367,3908,528,1118847369700,19.461,708.994,6451622.318,1872874.882,17.0,5.9,2,20.1,2.04,2,,,,,,,"1,361","1,373",47.02,2.34,us-101,1118847369.7,1361.0,47.02099999999996,25.0,-4.899999999999999,2.3393532338308436,inf,False,False,False,False,640.205,False,lane_change,68.78899999999999
1368,3908,476,1118847369700,54.299,576.556,6451499.773,1872936.802,10.5,5.0,2,51.97,-9.73,5,,,,,,,"1,362","1,387",63.65,1.22,us-101,1118847369.7,1362.0,63.649,54.01,-2.039999999999999,1.2247258033480855,inf,False,True,False,True,640.205,False,lane_change,-63.649
1369,3908,563,1118847369700,30.227,665.08,6451582.201,1872895.776,13.5,5.4,2,25.0,0.0,3,,,,,,,"1,363","1,372",59.83,2.39,us-101,1118847369.7,1363.0,59.82999999999993,26.22,-1.2199999999999989,2.393199999999997,inf,False,False,False,False,640.205,False,lane_change,24.875
1370,3908,583,1118847369700,9.689,711.453,6451630.599,1872880.616,14.5,4.9,2,5.0,0.0,1,,,,,,,"1,366","1,389",33.47,6.69,us-101,1118847369.7,1366.0,33.468000000000075,9.93,-4.93,6.693600000000015,inf,False,False,False,False,640.205,False,lane_change,71.24799999999993
1371,3908,356,1118847369700,67.045,540.817,6451464.644,1872951.119,9.0,7.0,2,43.79,-0.77,7,,,,,,,0,0,0.0,0,us-101,1118847369.7,,,,,,inf,False,False,False,False,640.205,False,lane_change,-99.38800000000003
1372,3908,545,1118847369700,31.827,591.359,6451525.792,1872943.681,13.0,5.9,2,31.73,1.6,3,,,,,,,"1,369","1,390",73.72,2.32,us-101,1118847369.7,1369.0,73.721,25.0,6.73,2.323384809328711,10.95408618127786,False,False,False,False,640.205,False,lane_change,-48.846000000000004
1373,3908,517,1118847369700,18.825,651.484,6451579.511,1872913.311,12.0,5.5,2,19.04,-7.2,2,,,,,,,"1,367","1,388",57.51,3.02,us-101,1118847369.7,1367.0,57.50999999999999,20.1,-1.0600000000000023,3.0204831932773106,inf,False,True,False,False,640.205,False,lane_change,11.278999999999996
1388,3908,555,1118847369700,18.619,604.675,6451544.51,1872944.66,14.0,5.4,2,20.0,0.0,2,,,,,,,"1,373","1,394",46.81,2.34,us-101,1118847369.7,1373.0,46.80900000000008,19.04,0.9600000000000009,2.340450000000004,48.75937500000004,False,False,False,False,640.205,False,lane_change,-35.530000000000086
1389,3908,591,1118847369700,7.682,672.477,6451602.604,1872907.864,14.0,5.4,2,0.0,0.0,1,,,,,,,"1,370","1,397",38.98,"9,999.99",us-101,1118847369.7,1370.0,38.976,5.0,-5.0,,inf,False,False,False,False,640.205,False,lane_change,32.271999999999935
1394,3908,528,1118847369700,22.02,568.9,6451515.58,1872965.97,16.5,5.4,2,20.2,-1.42,2,,,,,,,"1,388","1,399",35.77,1.77,us-101,1118847369.7,1388.0,35.77499999999998,20.0,0.1999999999999993,1.771039603960395,178.8750000000005,False,False,False,True,640.205,False,lane_change,-71.30500000000006
1397,3908,615,1118847369700,7.908,637.456,6451576.154,1872930.785,15.5,5.4,2,14.88,-1.71,1,,,,,,,"1,389","1,404",35.02,2.35,us-101,1118847369.7,1389.0,35.02099999999996,0.0,14.88,2.353561827956986,2.353561827956986,False,False,False,False,640.205,False,lane_change,-2.7490000000000236
1404,3908,625,1118847369700,9.382,572.794,6451526.911,1872972.791,10.5,7.0,2,21.02,-0.2,1,,,,,,,"1,397","1,409",64.66,3.08,us-101,1118847369.7,1397.0,64.66200000000003,14.88,6.139999999999999,3.0762131303520475,10.531270358306196,False,False,False,False,640.205,False,lane_change,-67.41100000000006
1362,3909,280,1118847369800,55.285,645.667,6451551.096,1872889.739,15.0,4.9,2,54.74,5.87,5,,,,,,,"1,364","1,368",44.57,0.81,us-101,1118847369.8,1364.0,44.56700000000001,40.0,14.740000000000002,0.8141578370478627,3.023541383989145,False,False,False,True,645.667,True,lane_change,0.0
1363,3909,567,1118847369800,29.599,727.541,6451629.566,1872855.028,13.5,5.9,2,25.86,-5.53,3,,,,,,,"1,354","1,369",50.55,1.95,us-101,1118847369.8,1354.0,50.549999999999955,30.1,-4.240000000000002,1.954756380510439,inf,False,True,False,True,645.667,False,lane_change,81.87400000000002
1364,3909,507,1118847369800,54.563,690.234,6451585.047,1872860.893,11.5,5.5,2,40.0,0.0,5,,,,,,,"1,359","1,362",85.0,2.13,us-101,1118847369.8,1359.0,85.0,40.09,-0.09000000000000341,2.125,inf,False,False,False,False,645.667,False,lane_change,44.56700000000001
1365,3909,507,1118847369800,40.813,692.149,6451595.558,1872869.963,15.0,4.9,2,30.0,0.0,4,,,,,,,"1,360","1,386",77.01,2.57,us-101,1118847369.8,1360.0,77.01499999999999,30.0,0.0,2.567166666666666,inf,False,False,False,False,645.667,False,lane_change,46.48199999999997
1367,3909,528,1118847369800,19.449,710.987,6451623.807,1872873.591,17.0,5.9,2,20.53,6.27,2,,,,,,,"1,361","1,373",47.53,2.32,us-101,1118847369.8,1361.0,47.52800000000002,25.0,-4.469999999999999,2.315051144666343,inf,False,False,False,False,645.667,False,lane_change,65.31999999999994
1368,3909,476,1118847369800,54.246,581.687,6451503.656,1872933.401,10.5,5.0,2,51.21,-6.83,5,,,,,,,"1,362","1,387",63.98,1.25,us-101,1118847369.8,1362.0,63.98000000000002,54.74,-3.530000000000001,1.2493653583284519,inf,False,True,False,True,645.667,False,lane_change,-63.98000000000002
1369,3909,563,1118847369800,30.211,667.581,6451584.09,1872894.139,13.5,5.4,2,25.0,0.0,3,,,,,,,"1,363","1,372",59.96,2.4,us-101,1118847369.8,1363.0,59.960000000000036,25.86,-0.8599999999999994,2.3984000000000014,inf,False,False,False,False,645.667,False,lane_change,21.913999999999987
1370,3909,583,1118847369800,9.686,711.953,6451630.977,1872880.288,14.5,4.9,2,5.0,0.0,1,,,,,,,"1,366","1,389",33.98,6.8,us-101,1118847369.8,1366.0,33.98300000000006,10.01,-5.01,6.796600000000012,inf,False,False,False,False,645.667,False,lane_change,66.28599999999994
1372,3909,545,1118847369800,31.778,594.535,6451528.173,1872941.617,13.0,5.9,2,31.94,2.53,3,,,,,,,"1,369","1,390",73.05,2.29,us-101,1118847369.8,1369.0,73.04600000000005,25.0,6.940000000000001,2.2869755792110222,10.525360230547555,False,False,False,False,645.667,False,lane_change,-51.13200000000006
1373,3909,517,1118847369800,18.814,653.357,6451580.924,1872912.084,12.0,5.5,2,18.31,-7.73,2,,,,,,,"1,367","1,388",57.63,3.15,us-101,1118847369.8,1367.0,57.629999999999995,20.53,-2.2200000000000024,3.1474604041507375,inf,False,True,False,False,645.667,False,lane_change,7.689999999999941
1388,3909,555,1118847369800,18.588,606.675,6451546.021,1872943.35,14.0,5.4,2,20.0,0.0,2,,,,,,,"1,373","1,394",46.68,2.33,us-101,1118847369.8,1373.0,46.682000000000016,18.31,1.6900000000000013,2.3341000000000007,27.62248520710058,False,False,False,False,645.667,False,lane_change,-38.992000000000075
1389,3909,591,1118847369800,7.682,672.477,6451602.604,1872907.864,14.0,5.4,2,0.0,0.0,1,,,,,,,"1,370","1,397",39.48,"9,999.99",us-101,1118847369.8,1370.0,39.476,5.0,-5.0,,inf,False,False,False,False,645.667,False,lane_change,26.809999999999945
1394,3909,528,1118847369800,21.899,570.894,6451517.14,1872964.737,16.5,5.4,2,20.2,1.44,2,,,,,,,"1,388","1,399",35.78,1.77,us-101,1118847369.8,1388.0,35.78099999999995,20.0,0.1999999999999993,1.7713366336633638,178.90500000000037,False,False,False,True,645.667,False,lane_change,-74.77300000000002
1397,3909,615,1118847369800,7.898,638.965,6451577.31,1872929.783,15.5,5.4,2,14.46,-6.28,1,,,,,,,"1,389","1,404",33.51,2.32,us-101,1118847369.8,1389.0,33.511999999999944,0.0,14.46,2.3175656984785573,2.3175656984785573,False,True,False,False,645.667,False,lane_change,-6.701999999999998
1404,3909,625,1118847369800,9.463,574.912,6451528.433,1872971.321,10.5,7.0,2,20.9,-2.59,1,,,,,,,"1,397","1,409",64.05,3.06,us-101,1118847369.8,1397.0,64.053,14.46,6.439999999999998,3.064736842105263,9.946118012422364,False,False,False,False,645.667,False,lane_change,-70.755
1362,3910,280,1118847369900,55.57,651.21,6451555.053,1872885.886,15.0,4.9,2,55.11,0.78,5,,,,,,,"1,364","1,368",43.02,0.78,us-101,1118847369.9,1364.0,43.024,40.0,15.11,0.7806931591362729,2.8473858371939116,False,False,False,True,651.21,True,lane_change,0.0
1363,3910,567,1118847369900,29.568,730.096,6451631.501,1872853.371,13.5,5.9,2,25.38,-4.75,3,,,,,,,"1,354","1,369",51.01,2.01,us-101,1118847369.9,1354.0,51.00999999999999,30.07,-4.690000000000001,2.009850275807722,inf,False,True,False,False,651.21,False,lane_change,78.88599999999997
1364,3910,507,1118847369900,54.538,694.234,6451588.07,1872858.273,11.5,5.5,2,40.0,0.0,5,,,,,,,"1,359","1,362",85.02,2.13,us-101,1118847369.9,1359.0,85.01799999999992,40.1,-0.10000000000000142,2.125449999999998,inf,False,False,False,False,651.21,False,lane_change,43.024
1365,3910,507,1118847369900,40.794,695.149,6451597.825,1872867.998,15.0,4.9,2,30.0,0.0,4,,,,,,,"1,360","1,386",77.01,2.57,us-101,1118847369.9,1360.0,77.01199999999994,30.02,-0.019999999999999574,2.5670666666666646,inf,False,False,False,False,651.21,False,lane_change,43.938999999999965
1366,3910,583,1118847369900,6.717,746.936,6451659.225,1872859.439,15.0,4.9,2,9.99,-0.32,1,,,,,,,"1,358","1,370",37.48,3.75,us-101,1118847369.9,1358.0,37.476,15.51,-5.52,3.7513513513513512,inf,False,False,False,False,651.21,False,lane_change,95.726
1367,3910,528,1118847369900,19.395,713.041,6451625.38,1872872.282,17.0,5.9,2,21.37,10.71,2,,,,,,,"1,361","1,373",47.97,2.24,us-101,1118847369.9,1361.0,47.97399999999993,25.0,-3.629999999999999,2.244922788956478,inf,False,False,False,False,651.21,False,lane_change,61.83100000000002
1368,3910,476,1118847369900,54.147,586.726,6451507.443,1872930.146,10.5,5.0,2,50.96,0.89,5,,,,,,,"1,362","1,387",64.48,1.27,us-101,1118847369.9,1362.0,64.48400000000004,55.11,-4.149999999999999,1.265384615384616,inf,False,False,False,True,651.21,False,lane_change,-64.48400000000004
1369,3910,563,1118847369900,30.196,670.08,6451585.979,1872892.501,13.5,5.4,2,25.0,0.0,3,,,,,,,"1,363","1,372",60.02,2.4,us-101,1118847369.9,1363.0,60.01599999999996,25.38,-0.379999999999999,2.4006399999999983,inf,False,False,False,False,651.21,False,lane_change,18.870000000000005
1370,3910,583,1118847369900,9.682,712.453,6451631.355,1872879.961,14.5,4.9,2,5.0,0.0,1,,,,,,,"1,366","1,389",34.48,6.9,us-101,1118847369.9,1366.0,34.48300000000006,9.99,-4.99,6.896600000000012,inf,False,False,False,False,651.21,False,lane_change,61.24299999999994
1372,3910,545,1118847369900,31.728,597.738,6451530.589,1872939.523,13.0,5.9,2,32.19,2.87,3,,,,,,,"1,369","1,390",72.34,2.25,us-101,1118847369.9,1369.0,72.34199999999998,25.0,7.189999999999998,2.2473438956197573,10.061474269819195,False,False,False,False,651.21,False,lane_change,-53.47199999999998
1373,3910,517,1118847369900,18.803,655.137,6451582.274,1872910.914,12.0,5.5,2,17.67,-5.66,2,,,,,,,"1,367","1,388",57.9,3.28,us-101,1118847369.9,1367.0,57.90400000000011,21.37,-3.6999999999999993,3.276966610073577,inf,False,True,False,False,651.21,False,lane_change,3.9269999999999072
1388,3910,555,1118847369900,18.557,608.675,6451547.533,1872942.04,14.0,5.4,2,20.0,0.0,2,,,,,,,"1,373","1,394",46.46,2.32,us-101,1118847369.9,1373.0,46.46199999999999,17.67,2.3299999999999983,2.3230999999999993,19.940772532188852,False,False,False,False,651.21,False,lane_change,-42.53500000000008
1389,3910,591,1118847369900,7.682,672.477,6451602.604,1872907.864,14.0,5.4,2,0.0,0.0,1,,,,,,,"1,370","1,397",39.98,"9,999.99",us-101,1118847369.9,1370.0,39.976,5.0,-5.0,,inf,False,False,False,False,651.21,False,lane_change,21.26699999999994
1394,3910,528,1118847369900,21.816,572.91,6451518.691,1872963.461,16.5,5.4,2,20.4,3.03,2,,,,,,,"1,388","1,399",35.76,1.75,us-101,1118847369.9,1388.0,35.764999999999986,20.0,0.3999999999999986,1.7531862745098035,89.41250000000028,False,False,False,True,651.21,False,lane_change,-78.30000000000007
1397,3910,615,1118847369900,7.93,640.41,6451578.381,1872928.8,15.5,5.4,2,13.63,-10.7,1,,,,,,,"1,389","1,404",32.07,2.35,us-101,1118847369.9,1389.0,32.06700000000001,0.0,13.63,2.352677916360969,2.352677916360969,False,True,False,False,651.21,False,lane_change,-10.800000000000068
1404,3910,625,1118847369900,9.511,576.996,6451529.952,1872969.899,10.5,7.0,2,20.61,-3.44,1,,,,,,,"1,397","1,409",63.41,3.08,us-101,1118847369.9,1397.0,63.41399999999999,13.63,6.979999999999999,3.076855895196506,9.08510028653295,False,True,False,False,651.21,False,lane_change,-74.21400000000006
1362,3911,280,1118847370000,56.005,656.732,6451558.929,1872881.905,15.0,4.9,2,55.14,-0.34,5,,,,,,,"1,364","1,368",41.5,0.75,us-101,1118847370.0,1364.0,41.502000000000066,40.0,15.14,0.75266594124048,2.7412153236459753,False,False,False,True,656.732,True,lane_change,0.0
1363,3911,567,1118847370000,29.552,732.59,6451633.368,1872851.753,13.5,5.9,2,25.05,-1.77,3,,,,,,,"1,354","1,369",51.51,2.06,us-101,1118847370.0,1354.0,51.51400000000001,30.08,-5.029999999999998,2.0564471057884237,inf,False,False,False,False,656.732,False,lane_change,75.85800000000006
1364,3911,507,1118847370000,54.513,698.234,6451591.092,1872855.653,11.5,5.5,2,40.0,0.0,5,,,,,,,"1,359","1,362",85.04,2.13,us-101,1118847370.0,1359.0,85.03599999999994,40.01,-0.00999999999999801,2.125899999999999,inf,False,False,False,False,656.732,False,lane_change,41.502000000000066
1365,3911,507,1118847370000,40.775,698.149,6451600.092,1872866.033,15.0,4.9,2,30.0,0.0,4,,,,,,,"1,360","1,386",77.01,2.57,us-101,1118847370.0,1360.0,77.01400000000001,30.07,-0.07000000000000028,2.5671333333333335,inf,False,False,False,False,656.732,False,lane_change,41.41700000000003
1366,3911,583,1118847370000,6.71,747.92,6451659.981,1872858.784,15.0,4.9,2,10.07,1.61,1,,,,,,,"1,358","1,370",38.04,3.78,us-101,1118847370.0,1358.0,38.044000000000096,16.26,-6.190000000000001,3.777954319761678,inf,False,False,False,False,656.732,False,lane_change,91.18799999999999
1367,3911,528,1118847370000,19.359,715.233,6451627.04,1872870.873,17.0,5.9,2,22.5,11.2,2,,,,,,,"1,361","1,373",48.28,2.15,us-101,1118847370.0,1361.0,48.28200000000004,25.0,-2.5,2.1458666666666684,inf,False,False,False,False,656.732,False,lane_change,58.500999999999976
1368,3911,476,1118847370000,54.024,591.769,6451511.267,1872926.892,10.5,5.0,2,51.42,9.14,5,,,,,,,"1,362","1,387",64.96,1.26,us-101,1118847370.0,1362.0,64.96299999999997,55.14,-3.719999999999999,1.2633800077790736,inf,False,False,False,True,656.732,False,lane_change,-64.96299999999997
1369,3911,563,1118847370000,30.18,672.58,6451587.868,1872890.864,13.5,5.4,2,25.0,0.0,3,,,,,,,"1,363","1,372",60.01,2.4,us-101,1118847370.0,1363.0,60.00999999999999,25.05,-0.05000000000000071,2.4003999999999994,inf,False,False,False,False,656.732,False,lane_change,15.84800000000007
1370,3911,583,1118847370000,9.679,712.953,6451631.733,1872879.633,14.5,4.9,2,5.0,0.0,1,,,,,,,"1,366","1,389",34.97,6.99,us-101,1118847370.0,1366.0,34.966999999999985,10.07,-5.07,6.993399999999997,inf,False,False,False,False,656.732,False,lane_change,56.221000000000004
1372,3911,545,1118847370000,31.677,600.97,6451533.063,1872937.379,13.0,5.9,2,32.49,3.07,3,,,,,,,"1,369","1,390",71.61,2.2,us-101,1118847370.0,1369.0,71.61000000000001,25.0,7.490000000000002,2.2040627885503237,9.560747663551401,False,False,False,False,656.732,False,lane_change,-55.761999999999944
1373,3911,517,1118847370000,18.804,656.852,6451583.551,1872909.791,12.0,5.5,2,17.29,-2.08,2,,,,,,,"1,367","1,388",58.38,3.38,us-101,1118847370.0,1367.0,58.38099999999997,22.5,-5.210000000000001,3.3765760555234223,inf,False,False,False,False,656.732,False,lane_change,0.12000000000000455
1388,3911,555,1118847370000,18.526,610.674,6451549.044,1872940.73,14.0,5.4,2,20.0,0.0,2,,,,,,,"1,373","1,394",46.18,2.31,us-101,1118847370.0,1373.0,46.178,17.29,2.710000000000001,2.3089,17.03985239852398,False,False,False,False,656.732,False,lane_change,-46.05799999999999
1389,3911,591,1118847370000,7.682,672.477,6451602.604,1872907.864,14.0,5.4,2,0.0,0.0,1,,,,,,,"1,370","1,397",40.48,"9,999.99",us-101,1118847370.0,1370.0,40.476,5.0,-5.0,,inf,False,False,False,False,656.732,False,lane_change,15.745000000000005
1394,3911,528,1118847370000,21.836,574.97,6451520.219,1872962.068,16.5,5.4,2,20.63,2.13,2,,,,,,,"1,388","1,399",35.7,1.73,us-101,1118847370.0,1388.0,35.70399999999995,20.0,0.629999999999999,1.7306834706737737,56.673015873015885,False,False,False,True,656.732,False,lane_change,-81.76199999999994
1397,3911,615,1118847370000,7.944,641.718,6451579.366,1872927.917,15.5,5.4,2,12.5,-11.2,1,,,,,,,"1,389","1,404",30.76,2.46,us-101,1118847370.0,1389.0,30.759000000000015,0.0,12.5,2.460720000000001,2.460720000000001,False,True,False,False,656.732,False,lane_change,-15.01400000000001
1404,3911,625,1118847370000,9.514,579.049,6451531.466,1872968.541,10.5,7.0,2,20.18,-4.74,1,,,,,,,"1,397","1,409",62.67,3.11,us-101,1118847370.0,1397.0,62.66899999999998,12.5,7.68,3.105500495540138,8.160026041666665,False,True,False,False,656.732,False,lane_change,-77.68299999999999
1362,3912,280,1118847370100,56.5,662.248,6451562.738,1872877.902,15.0,4.9,2,55.1,-0.66,5,,,,,,,"1,364","1,368",39.99,0.73,us-101,1118847370.1,1364.0,39.98599999999999,40.0,15.100000000000001,0.725698729582577,2.6480794701986747,False,False,False,True,662.248,True,lane_change,0.0
1363,3912,567,1118847370100,29.536,735.062,6451635.257,1872850.116,13.5,5.9,2,25.04,1.69,3,,,,,,,"1,354","1,369",52.04,2.08,us-101,1118847370.1,1354.0,52.035999999999945,30.25,-5.210000000000001,2.0781150159744386,inf,False,False,False,False,662.248,False,lane_change,72.81399999999996
1364,3912,507,1118847370100,54.487,702.234,6451594.115,1872853.033,11.5,5.5,2,40.0,0.0,5,,,,,,,"1,359","1,362",85.04,2.13,us-101,1118847370.1,1359.0,85.03599999999994,39.81,0.18999999999999773,2.125899999999999,447.5578947368472,False,False,False,False,662.248,False,lane_change,39.98599999999999
1365,3912,507,1118847370100,40.756,701.149,6451602.359,1872864.068,15.0,4.9,2,30.0,0.0,4,,,,,,,"1,360","1,386",77.03,2.57,us-101,1118847370.1,1360.0,77.02700000000004,30.11,-0.10999999999999943,2.5675666666666683,inf,False,False,False,False,662.248,False,lane_change,38.900999999999954
1366,3912,583,1118847370100,6.705,748.918,6451660.714,1872858.148,15.0,4.9,2,10.37,4.32,1,,,,,,,"1,358","1,370",38.71,3.73,us-101,1118847370.1,1358.0,38.710000000000036,17.29,-6.92,3.7328833172613347,inf,False,False,False,False,662.248,False,lane_change,86.66999999999996
1367,3912,528,1118847370100,19.366,717.542,6451628.781,1872869.334,17.0,5.9,2,23.64,10.69,2,,,,,,,"1,361","1,373",48.47,2.05,us-101,1118847370.1,1361.0,48.472999999999956,25.0,-1.3599999999999994,2.050465313028763,inf,False,False,False,False,662.248,False,lane_change,55.29399999999998
1368,3912,476,1118847370100,53.921,596.941,6451515.193,1872923.518,10.5,5.0,2,52.38,11.2,5,,,,,,,"1,362","1,387",65.31,1.25,us-101,1118847370.1,1362.0,65.30700000000002,55.1,-2.719999999999999,1.2467926689576176,inf,False,False,False,True,662.248,False,lane_change,-65.30700000000002
1369,3912,563,1118847370100,30.164,675.08,6451589.757,1872889.226,13.5,5.4,2,25.0,0.0,3,,,,,,,"1,363","1,372",59.98,2.4,us-101,1118847370.1,1363.0,59.98199999999997,25.04,-0.03999999999999915,2.3992799999999987,inf,False,False,False,False,662.248,False,lane_change,12.831999999999994
1370,3912,583,1118847370100,9.676,713.453,6451632.11,1872879.306,14.5,4.9,2,5.0,0.0,1,,,,,,,"1,366","1,389",35.46,7.09,us-101,1118847370.1,1366.0,35.46500000000003,10.37,-5.369999999999999,7.093000000000006,inf,False,False,False,False,662.248,False,lane_change,51.20499999999993
1372,3912,545,1118847370100,31.627,604.235,6451535.5,1872935.266,13.0,5.9,2,32.82,3.16,3,,,,,,,"1,369","1,390",70.85,2.16,us-101,1118847370.1,1369.0,70.84500000000003,25.0,7.82,2.158592321755028,9.059462915601026,False,False,False,False,662.248,False,lane_change,-58.013000000000034
1373,3912,517,1118847370100,18.852,658.545,6451584.789,1872908.641,12.0,5.5,2,17.26,1.63,2,,,,,,,"1,367","1,388",59.0,3.42,us-101,1118847370.1,1367.0,58.99700000000007,23.64,-6.379999999999999,3.4181344148319854,inf,False,False,False,False,662.248,False,lane_change,-3.703000000000088
1388,3912,555,1118847370100,18.495,612.674,6451550.555,1872939.42,14.0,5.4,2,20.0,0.0,2,,,,,,,"1,373","1,394",45.87,2.29,us-101,1118847370.1,1373.0,45.87099999999998,17.26,2.7399999999999984,2.293549999999999,16.74124087591241,False,False,False,False,662.248,False,lane_change,-49.57400000000007
1389,3912,591,1118847370100,7.682,672.477,6451602.604,1872907.864,14.0,5.4,2,0.0,0.0,1,,,,,,,"1,370","1,397",40.98,"9,999.99",us-101,1118847370.1,1370.0,40.976,5.0,-5.0,,inf,False,False,False,False,662.248,False,lane_change,10.228999999999928
1394,3912,528,1118847370100,21.907,577.059,6451521.738,1872960.614,16.5,5.4,2,20.73,-0.18,2,,,,,,,"1,388","1,399",35.62,1.72,us-101,1118847370.1,1388.0,35.61500000000001,20.0,0.7300000000000004,1.7180414857694166,48.7876712328767,False,False,False,True,662.248,False,lane_change,-85.18900000000008
1397,3912,615,1118847370100,7.914,642.91,6451580.27,1872927.163,15.5,5.4,2,11.37,-10.68,1,,,,,,,"1,389","1,404",29.57,2.6,us-101,1118847370.1,1389.0,29.567000000000007,0.0,11.37,2.600439753737908,2.600439753737908,False,True,False,False,662.248,False,lane_change,-19.33800000000008
1404,3912,625,1118847370100,9.482,581.061,6451533.0,1872967.212,10.5,7.0,2,19.55,-7.56,1,,,,,,,"1,397","1,409",61.85,3.16,us-101,1118847370.1,1397.0,61.84899999999993,11.37,8.180000000000001,3.1636317135549836,7.561002444987765,False,True,False,False,662.248,False,lane_change,-81.18700000000001
1362,3913,280,1118847370200,56.965,667.755,6451566.566,1872873.922,15.0,4.9,2,55.03,-0.67,5,,,,,,,"1,364","1,368",38.48,0.7,us-101,1118847370.2,1364.0,38.47900000000004,40.0,15.030000000000001,0.6992367799382163,2.5601463739188315,False,False,False,True,667.755,True,lane_change,0.0
1363,3913,567,1118847370200,29.52,737.556,6451637.124,1872848.498,13.5,5.9,2,25.36,4.6,3,,,,,,,"1,354","1,369",52.56,2.07,us-101,1118847370.2,1354.0,52.56099999999992,30.65,-5.289999999999999,2.072594637223972,inf,False,False,False,False,667.755,False,lane_change,69.80100000000004
1364,3913,507,1118847370200,54.463,706.234,6451597.137,1872850.413,11.5,5.5,2,40.0,0.0,5,,,,,,,"1,359","1,362",85.0,2.13,us-101,1118847370.2,1359.0,85.00199999999995,39.56,0.4399999999999977,2.125049999999999,193.18636363636452,False,False,False,False,667.755,False,lane_change,38.47900000000004
1365,3913,507,1118847370200,40.737,704.149,6451604.626,1872862.103,15.0,4.9,2,30.0,0.0,4,,,,,,,"1,360","1,386",77.04,2.57,us-101,1118847370.2,1360.0,77.04399999999998,30.11,-0.10999999999999943,2.568133333333333,inf,False,False,False,False,667.755,False,lane_change,36.394000000000005
1366,3913,583,1118847370200,6.681,749.959,6451661.516,1872857.475,15.0,4.9,2,10.92,6.92,1,,,,,,,"1,358","1,370",39.46,3.61,us-101,1118847370.2,1358.0,39.46300000000008,18.33,-7.409999999999998,3.613827838827846,inf,False,False,False,False,667.755,False,lane_change,82.20399999999995
1367,3913,528,1118847370200,19.392,719.987,6451630.608,1872867.696,17.0,5.9,2,24.47,6.25,2,,,,,,,"1,361","1,373",48.53,1.98,us-101,1118847370.2,1361.0,48.52800000000002,25.0,-0.5300000000000011,1.983163056804251,inf,False,False,False,True,667.755,False,lane_change,52.23199999999997
1368,3913,476,1118847370200,53.886,602.262,6451519.185,1872919.995,10.5,5.0,2,53.24,6.73,5,,,,,,,"1,362","1,387",65.49,1.23,us-101,1118847370.2,1362.0,65.49300000000005,55.03,-1.7899999999999991,1.2301465063861767,inf,False,False,False,True,667.755,False,lane_change,-65.49300000000005
1369,3913,563,1118847370200,30.148,677.58,6451591.646,1872887.589,13.5,5.4,2,25.0,0.0,3,,,,,,,"1,363","1,372",59.98,2.4,us-101,1118847370.2,1363.0,59.976,25.36,-0.35999999999999943,2.39904,inf,False,False,False,False,667.755,False,lane_change,9.825000000000045
1370,3913,583,1118847370200,9.673,713.953,6451632.488,1872878.978,14.5,4.9,2,5.0,0.0,1,,,,,,,"1,366","1,389",36.01,7.2,us-101,1118847370.2,1366.0,36.00599999999997,10.92,-5.92,7.201199999999995,inf,False,False,False,False,667.755,False,lane_change,46.19799999999998
1372,3913,545,1118847370200,31.577,607.535,6451537.996,1872933.102,13.0,5.9,2,33.08,2.69,3,,,,,,,"1,369","1,390",70.04,2.12,us-101,1118847370.2,1369.0,70.04500000000007,25.0,8.079999999999998,2.117442563482469,8.668935643564367,False,False,False,False,667.755,False,lane_change,-60.22000000000003
1373,3913,517,1118847370200,18.909,660.266,6451586.043,1872907.464,12.0,5.5,2,17.48,3.4,2,,,,,,,"1,367","1,388",59.72,3.42,us-101,1118847370.2,1367.0,59.721000000000004,24.47,-6.989999999999998,3.4165331807780324,inf,False,False,False,False,667.755,False,lane_change,-7.489000000000033
1388,3913,555,1118847370200,18.464,614.674,6451552.066,1872938.11,14.0,5.4,2,20.0,0.0,2,,,,,,,"1,373","1,394",45.59,2.28,us-101,1118847370.2,1373.0,45.591999999999985,17.48,2.5199999999999996,2.2795999999999994,18.092063492063488,False,False,False,False,667.755,False,lane_change,-53.08100000000002
1389,3913,591,1118847370200,7.682,672.477,6451602.604,1872907.864,14.0,5.4,2,0.0,0.0,1,,,,,,,"1,370","1,397",41.48,"9,999.99",us-101,1118847370.2,1370.0,41.476,5.0,-5.0,,inf,False,False,False,False,667.755,False,lane_change,4.72199999999998
1394,3913,528,1118847370200,21.951,579.145,6451523.261,1872959.193,16.5,5.4,2,20.63,-2.05,2,,,,,,,"1,388","1,399",35.53,1.72,us-101,1118847370.2,1388.0,35.528999999999996,20.0,0.629999999999999,1.722200678623364,56.39523809523818,False,False,False,True,667.755,False,lane_change,-88.61000000000001
1397,3913,615,1118847370200,7.866,643.963,6451581.088,1872926.509,15.5,5.4,2,10.55,-6.02,1,,,,,,,"1,389","1,404",28.51,2.7,us-101,1118847370.2,1389.0,28.51400000000001,0.0,10.55,2.7027488151658776,2.7027488151658776,False,True,False,False,667.755,False,lane_change,-23.79200000000003
1404,3913,625,1118847370200,9.486,583.001,6451534.448,1872965.911,10.5,7.0,2,18.63,-10.92,1,,,,,,,"1,397","1,409",60.96,3.27,us-101,1118847370.2,1397.0,60.96199999999999,10.55,8.079999999999998,3.2722490606548575,7.54480198019802,False,True,False,False,667.755,False,lane_change,-84.75400000000002
1361,3914,529,1118847370300,19.319,771.015,6451669.005,1872834.083,16.5,5.4,2,25.0,0.0,2,,,,,,,"1,353","1,367",59.31,2.37,us-101,1118847370.3,1353.0,59.30799999999999,25.16,-0.16000000000000014,2.3723199999999998,inf,False,False,False,False,673.25,False,lane_change,97.76499999999999
1362,3914,280,1118847370300,57.431,673.25,6451570.395,1872869.941,15.0,4.9,2,55.0,-0.06,6,,,,,,,"1,349",0,205.94,3.74,us-101,1118847370.3,1349.0,205.94000000000005,60.0,-5.0,3.7443636363636372,inf,False,False,True,False,673.25,True,lane_change,0.0
1363,3914,567,1118847370300,29.489,740.098,6451639.059,1872846.841,13.5,5.9,2,25.92,6.92,3,,,,,,,"1,354","1,369",53.1,2.05,us-101,1118847370.3,1354.0,53.10400000000004,31.25,-5.329999999999998,2.048765432098767,inf,False,False,False,False,673.25,False,lane_change,66.84799999999996
1364,3914,507,1118847370300,54.437,710.233,6451600.16,1872847.793,11.5,5.5,2,40.0,0.0,5,,,,,,,"1,359","1,368",84.94,2.12,us-101,1118847370.3,1359.0,84.94100000000003,39.37,0.6300000000000026,2.1235250000000008,134.82698412698363,False,False,False,False,673.25,False,lane_change,36.98299999999995
1365,3914,507,1118847370300,40.718,707.149,6451606.893,1872860.138,15.0,4.9,2,30.0,0.0,4,,,,,,,"1,360","1,386",77.06,2.57,us-101,1118847370.3,1360.0,77.05700000000002,30.07,-0.07000000000000028,2.5685666666666673,inf,False,False,False,False,673.25,False,lane_change,33.899
1366,3914,583,1118847370300,6.673,751.075,6451662.365,1872856.74,15.0,4.9,2,11.67,8.26,1,,,,,,,"1,358","1,370",40.25,3.45,us-101,1118847370.3,1358.0,40.253999999999905,19.09,-7.42,3.449357326478141,inf,False,False,False,False,673.25,False,lane_change,77.82500000000005
1367,3914,528,1118847370300,19.376,722.494,6451632.519,1872866.039,17.0,5.9,2,24.9,2.04,2,,,,,,,"1,361","1,373",48.52,1.95,us-101,1118847370.3,1361.0,48.52099999999996,25.0,-0.10000000000000142,1.948634538152609,inf,False,False,False,True,673.25,False,lane_change,49.24400000000003
1368,3914,476,1118847370300,53.817,607.659,6451523.296,1872916.411,10.5,5.0,2,53.64,0.76,5,,,,,,,"1,364","1,387",102.57,1.91,us-101,1118847370.3,1364.0,102.57399999999996,40.0,13.64,1.9122669649515278,7.520087976539586,False,False,False,True,673.25,False,lane_change,-65.59100000000001
1369,3914,563,1118847370300,30.133,680.08,6451593.535,1872885.951,13.5,5.4,2,25.0,0.0,3,,,,,,,"1,363","1,372",60.02,2.4,us-101,1118847370.3,1363.0,60.017999999999915,25.92,-0.9200000000000017,2.4007199999999966,inf,False,False,False,False,673.25,False,lane_change,6.830000000000041
1370,3914,583,1118847370300,9.67,714.453,6451632.866,1872878.651,14.5,4.9,2,5.0,0.0,1,,,,,,,"1,366","1,389",36.62,7.32,us-101,1118847370.3,1366.0,36.62200000000007,11.67,-6.67,7.324400000000014,inf,False,False,False,False,673.25,False,lane_change,41.202999999999975
1372,3914,545,1118847370300,31.525,610.875,6451540.527,1872930.908,13.0,5.9,2,33.18,-0.19,3,,,,,,,"1,369","1,390",69.21,2.09,us-101,1118847370.3,1369.0,69.20500000000004,25.0,8.18,2.0857444243520207,8.460268948655262,False,False,False,False,673.25,False,lane_change,-62.375
1373,3914,517,1118847370300,18.954,662.034,6451587.342,1872906.264,12.0,5.5,2,17.77,2.71,2,,,,,,,"1,367","1,388",60.46,3.4,us-101,1118847370.3,1367.0,60.460000000000036,24.9,-7.129999999999999,3.402363534046147,inf,False,False,False,False,673.25,False,lane_change,-11.216000000000008
1388,3914,555,1118847370300,18.433,616.674,6451553.578,1872936.8,14.0,5.4,2,20.0,0.0,2,,,,,,,"1,373","1,394",45.36,2.27,us-101,1118847370.3,1373.0,45.360000000000014,17.77,2.2300000000000004,2.2680000000000007,20.340807174887896,False,False,False,False,673.25,False,lane_change,-56.57600000000002
1389,3914,591,1118847370300,7.682,672.477,6451602.604,1872907.864,14.0,5.4,2,0.0,0.0,1,,,,,,,"1,370","1,397",41.98,"9,999.99",us-101,1118847370.3,1370.0,41.976,5.0,-5.0,,inf,False,False,False,False,673.25,False,lane_change,-0.7730000000000246
1394,3914,528,1118847370300,21.972,581.202,6451524.78,1872957.806,16.5,5.4,2,20.42,-2.52,2,,,,,,,"1,388","1,399",35.47,1.74,us-101,1118847370.3,1388.0,35.47199999999998,20.0,0.4200000000000017,1.737120470127325,84.45714285714247,False,False,False,True,673.25,False,lane_change,-92.048
1397,3914,615,1118847370300,7.86,644.961,6451581.821,1872925.873,15.5,5.4,2,10.13,-1.99,1,,,,,,,"1,389","1,404",27.52,2.72,us-101,1118847370.3,1389.0,27.515999999999963,0.0,10.13,2.7162882527147048,2.7162882527147048,False,False,False,False,673.25,False,lane_change,-28.288999999999987
1404,3914,625,1118847370300,9.48,584.806,6451535.811,1872964.7,10.5,7.0,2,17.49,-11.2,1,,,,,,,"1,397","1,409",60.15,3.44,us-101,1118847370.3,1397.0,60.15499999999997,10.13,7.359999999999998,3.439393939393938,8.173233695652172,False,True,False,False,673.25,False,lane_change,-88.44399999999996
1361,3915,529,1118847370400,19.304,773.514,6451670.894,1872832.445,16.5,5.4,2,25.01,0.16,2,,,,,,,"1,353","1,367",59.3,2.37,us-101,1118847370.4,1353.0,59.303,25.01,0.0,2.3711715313874446,inf,False,False,False,False,678.729,False,lane_change,94.78499999999997
1362,3915,280,1118847370400,57.89,678.729,6451574.23,1872865.963,15.0,4.9,2,55.2,3.25,6,,,,,,,"1,349",0,206.46,3.74,us-101,1118847370.4,1349.0,206.461,60.0,-4.799999999999997,3.7402355072463767,inf,False,False,False,False,678.729,True,lane_change,0.0
1363,3915,567,1118847370400,29.471,742.715,6451641.042,1872845.124,13.5,5.9,2,26.67,8.23,3,,,,,,,"1,354","1,369",53.65,2.01,us-101,1118847370.4,1354.0,53.65499999999997,31.83,-5.159999999999997,2.011811023622046,inf,False,False,False,False,678.729,False,lane_change,63.98599999999999
1364,3915,507,1118847370400,54.412,714.233,6451603.182,1872845.173,11.5,5.5,2,40.0,0.0,5,,,,,,,"1,359","1,368",84.86,2.12,us-101,1118847370.4,1359.0,84.86400000000003,39.29,0.7100000000000009,2.121600000000001,119.52676056338018,False,False,False,False,678.729,False,lane_change,35.503999999999905
1365,3915,507,1118847370400,40.699,710.149,6451609.16,1872858.173,15.0,4.9,2,30.0,0.0,4,,,,,,,"1,360","1,386",77.06,2.57,us-101,1118847370.4,1360.0,77.05899999999997,30.01,-0.010000000000001563,2.568633333333332,inf,False,False,False,False,678.729,False,lane_change,31.41999999999996
1366,3915,583,1118847370400,6.664,752.282,6451663.273,1872855.956,15.0,4.9,2,12.5,8.44,1,,,,,,,"1,358","1,370",41.01,3.28,us-101,1118847370.4,1358.0,41.01400000000001,19.47,-6.969999999999999,3.281120000000001,inf,False,False,False,False,678.729,False,lane_change,73.553
1367,3915,528,1118847370400,19.36,725.01,6451634.408,1872864.402,17.0,5.9,2,25.03,-0.08,2,,,,,,,"1,361","1,373",48.5,1.94,us-101,1118847370.4,1361.0,48.50400000000002,25.01,0.019999999999999574,1.9378345984818224,2425.2000000000526,False,False,False,True,678.729,False,lane_change,46.28099999999995
1368,3915,476,1118847370400,53.735,613.041,6451527.359,1872912.888,10.5,5.0,2,53.72,-0.73,5,,,,,,,"1,364","1,387",101.19,1.88,us-101,1118847370.4,1364.0,101.1919999999999,40.0,13.719999999999999,1.8836932241250912,7.375510204081626,False,False,False,True,678.729,False,lane_change,-65.68799999999999
1369,3915,563,1118847370400,30.117,682.58,6451595.424,1872884.314,13.5,5.4,2,25.0,0.0,3,,,,,,,"1,363","1,372",60.13,2.41,us-101,1118847370.4,1363.0,60.13499999999999,26.67,-1.6700000000000017,2.4053999999999998,inf,False,False,False,False,678.729,False,lane_change,3.850999999999999
1370,3915,583,1118847370400,9.667,714.955,6451633.244,1872878.323,14.5,4.9,2,4.98,-0.25,1,,,,,,,"1,366","1,389",37.33,7.5,us-101,1118847370.4,1366.0,37.327,12.5,-7.52,7.495381526104417,inf,False,False,False,False,678.729,False,lane_change,36.226
1372,3915,545,1118847370400,31.473,614.219,6451543.057,1872928.715,13.0,5.9,2,32.97,-4.21,3,,,,,,,"1,369","1,390",68.36,2.07,us-101,1118847370.4,1369.0,68.36099999999999,25.0,7.969999999999999,2.073430391264786,8.577289836888331,False,True,False,False,678.729,False,lane_change,-64.50999999999999
1373,3915,517,1118847370400,18.989,663.835,6451588.688,1872905.036,12.0,5.5,2,17.96,1.08,2,,,,,,,"1,367","1,388",61.17,3.41,us-101,1118847370.4,1367.0,61.174999999999955,25.03,-7.07,3.406180400890866,inf,False,False,False,False,678.729,False,lane_change,-14.894000000000005
1388,3915,555,1118847370400,18.402,618.673,6451555.089,1872935.49,14.0,5.4,2,20.0,0.0,2,,,,,,,"1,373","1,394",45.16,2.26,us-101,1118847370.4,1373.0,45.162000000000035,17.96,2.039999999999999,2.2581000000000016,22.138235294117674,False,False,False,False,678.729,False,lane_change,-60.05600000000004
1389,3915,591,1118847370400,7.682,672.477,6451602.604,1872907.864,14.0,5.4,2,0.0,0.0,1,,,,,,,"1,370","1,397",42.48,"9,999.99",us-101,1118847370.4,1370.0,42.478000000000065,4.98,-4.98,,inf,False,False,False,False,678.729,False,lane_change,-6.252000000000066
1394,3915,528,1118847370400,21.964,583.227,6451526.295,1872956.463,16.5,5.4,2,20.2,-1.92,2,,,,,,,"1,388","1,399",35.45,1.75,us-101,1118847370.4,1388.0,35.446000000000026,20.0,0.1999999999999993,1.754752475247526,177.23000000000076,False,False,False,True,678.729,False,lane_change,-95.50200000000007
1397,3915,615,1118847370400,7.854,645.961,6451582.577,1872925.218,15.5,5.4,2,9.87,-1.99,1,,,,,,,"1,389","1,404",26.52,2.69,us-101,1118847370.4,1389.0,26.515999999999963,0.0,9.87,2.686524822695032,2.686524822695032,False,False,False,False,678.729,False,lane_change,-32.76800000000003
1404,3915,625,1118847370400,9.432,586.497,6451537.093,1872963.618,10.5,7.0,2,16.36,-10.66,1,,,,,,,"1,397","1,409",59.46,3.63,us-101,1118847370.4,1397.0,59.464000000000055,9.87,6.49,3.6347188264058716,9.162403697996927,False,True,False,False,678.729,False,lane_change,-92.23200000000008
1361,3916,529,1118847370500,19.288,776.015,6451672.783,1872830.807,16.5,5.4,2,25.03,0.3,2,,,,,,,"1,353","1,367",59.3,2.37,us-101,1118847370.5,1353.0,59.29499999999996,24.98,0.05000000000000071,2.3689572512984403,1185.8999999999824,False,False,False,False,684.226,False,lane_change,91.78899999999999
1362,3916,280,1118847370500,58.37,684.226,6451578.013,1872862.003,15.0,4.9,2,55.86,9.34,6,,,,,,,"1,349",0,206.99,3.71,us-101,1118847370.5,1349.0,206.98699999999997,59.79,-3.9299999999999997,3.7054600787683487,inf,False,False,False,False,684.226,True,lane_change,0.0
1363,3916,567,1118847370500,29.452,745.422,6451643.083,1872843.357,13.5,5.9,2,27.5,8.43,3,,,,,,,"1,354","1,369",54.18,1.97,us-101,1118847370.5,1354.0,54.17700000000002,32.2,-4.700000000000003,1.970072727272728,inf,False,False,False,True,684.226,False,lane_change,61.196000000000026
1364,3916,507,1118847370500,54.387,718.233,6451606.205,1872842.553,11.5,5.5,2,40.0,0.0,5,,,,,,,"1,359","1,368",84.79,2.12,us-101,1118847370.5,1359.0,84.78700000000003,39.3,0.7000000000000028,2.119675000000001,121.12428571428528,False,False,False,False,684.226,False,lane_change,34.00699999999995
1365,3916,507,1118847370500,40.68,713.148,6451611.426,1872856.208,15.0,4.9,2,30.0,0.0,4,,,,,,,"1,360","1,386",77.06,2.57,us-101,1118847370.5,1360.0,77.05700000000002,29.94,0.05999999999999872,2.5685666666666673,1284.283333333361,False,False,False,False,684.226,False,lane_change,28.922000000000025
1366,3916,583,1118847370500,6.658,753.575,6451664.254,1872855.102,15.0,4.9,2,13.33,8.24,1,,,,,,,"1,358","1,370",41.7,3.13,us-101,1118847370.5,1358.0,41.69599999999991,19.53,-6.200000000000001,3.1279819954988684,inf,False,False,False,False,684.226,False,lane_change,69.34900000000005
1367,3916,528,1118847370500,19.345,727.514,6451636.297,1872862.764,17.0,5.9,2,25.01,-0.24,2,,,,,,,"1,361","1,373",48.5,1.94,us-101,1118847370.5,1361.0,48.500999999999976,25.03,-0.019999999999999574,1.939264294282286,inf,False,False,False,True,684.226,False,lane_change,43.28800000000001
1368,3916,476,1118847370500,53.653,618.431,6451531.365,1872909.415,10.5,5.0,2,53.45,-3.56,5,,,,,,,"1,364","1,387",99.8,1.87,us-101,1118847370.5,1364.0,99.80199999999991,40.0,13.450000000000003,1.8672029934518224,7.420223048327129,False,True,False,True,684.226,False,lane_change,-65.79499999999996
1369,3916,563,1118847370500,30.101,685.08,6451597.313,1872882.676,13.5,5.4,2,25.0,0.0,3,,,,,,,"1,363","1,372",60.34,2.41,us-101,1118847370.5,1363.0,60.341999999999985,27.5,-2.5,2.4136799999999994,inf,False,False,False,False,684.226,False,lane_change,0.8540000000000418
1370,3916,583,1118847370500,9.663,715.45,6451633.622,1872877.996,14.5,4.9,2,4.97,-0.07,1,,,,,,,"1,366","1,389",38.13,7.67,us-101,1118847370.5,1366.0,38.125,13.33,-8.36,7.67102615694165,inf,False,False,False,False,684.226,False,lane_change,31.224000000000046
1372,3916,545,1118847370500,31.44,617.506,6451545.547,1872926.532,13.0,5.9,2,32.51,-5.62,3,,,,,,,"1,369","1,390",67.57,2.08,us-101,1118847370.5,1369.0,67.57400000000007,25.0,7.509999999999998,2.0785604429406357,8.99786950732358,False,True,False,False,684.226,False,lane_change,-66.72000000000003
1373,3916,517,1118847370500,19.028,665.645,6451590.015,1872903.819,12.0,5.5,2,18.02,-0.06,2,,,,,,,"1,367","1,388",61.87,3.43,us-101,1118847370.5,1367.0,61.86900000000003,25.01,-6.990000000000002,3.433351831298559,inf,False,False,False,False,684.226,False,lane_change,-18.581000000000017
1388,3916,555,1118847370500,18.371,620.673,6451556.6,1872934.18,14.0,5.4,2,20.0,0.0,2,,,,,,,"1,373","1,394",44.97,2.25,us-101,1118847370.5,1373.0,44.97199999999998,18.02,1.9800000000000004,2.248599999999999,22.7131313131313,False,False,False,False,684.226,False,lane_change,-63.553
1389,3916,591,1118847370500,7.682,672.477,6451602.604,1872907.864,14.0,5.4,2,0.0,0.0,1,,,,,,,"1,370","1,397",42.97,"9,999.99",us-101,1118847370.5,1370.0,42.97300000000007,4.97,-4.97,,inf,False,False,False,False,684.226,False,lane_change,-11.749000000000024
1394,3916,528,1118847370500,21.931,585.229,6451527.807,1872955.154,16.5,5.4,2,20.07,-0.68,2,,,,,,,"1,388","1,399",35.44,1.77,us-101,1118847370.5,1388.0,35.44399999999996,20.0,0.07000000000000028,1.7660189337319363,506.34285714285454,False,False,False,True,684.226,False,lane_change,-98.99699999999996
1397,3916,615,1118847370500,7.847,646.963,6451583.355,1872924.544,15.5,5.4,2,9.45,-6.02,1,,,,,,,"1,389","1,404",25.51,2.7,us-101,1118847370.5,1389.0,25.51400000000001,0.0,9.45,2.6998941798941813,2.6998941798941813,False,True,False,False,684.226,False,lane_change,-37.263000000000034
1404,3916,625,1118847370500,9.367,588.05,6451538.289,1872962.636,10.5,7.0,2,15.55,-6.04,1,,,,,,,"1,397","1,409",58.91,3.79,us-101,1118847370.5,1397.0,58.91300000000001,9.45,6.100000000000001,3.788617363344052,9.657868852459016,False,True,False,False,684.226,False,lane_change,-96.17600000000004
1361,3917,529,1118847370600,19.272,778.522,6451674.672,1872829.17,16.5,5.4,2,25.04,-0.03,2,,,,,,,"1,353","1,367",59.29,2.37,us-101,1118847370.6,1353.0,59.2879999999999,25.0,0.03999999999999915,2.367731629392967,1482.200000000029,False,False,False,False,689.865,False,lane_change,88.65700000000004
1362,3917,280,1118847370600,58.78,689.865,6451581.938,1872858.011,15.0,4.9,2,57.06,11.2,6,,,,,,,"1,349",0,207.33,3.63,us-101,1118847370.6,1349.0,207.32500000000005,59.29,-2.229999999999997,3.633456011216264,inf,False,False,False,False,689.865,True,lane_change,0.0
1363,3917,567,1118847370600,29.436,748.215,6451645.198,1872841.521,13.5,5.9,2,28.33,8.24,3,,,,,,,"1,354","1,369",54.63,1.93,us-101,1118847370.6,1354.0,54.63199999999995,32.33,-4.0,1.928415107659723,inf,False,False,False,True,689.865,False,lane_change,58.35000000000002
1364,3917,507,1118847370600,54.362,722.233,6451609.227,1872839.933,11.5,5.5,2,40.0,0.0,5,,,,,,,"1,359","1,368",84.73,2.12,us-101,1118847370.6,1359.0,84.72900000000004,39.25,0.75,2.118225000000001,112.97200000000005,False,False,False,False,689.865,False,lane_change,32.36799999999994
1365,3917,507,1118847370600,40.661,716.148,6451613.693,1872854.243,15.0,4.9,2,30.0,0.0,4,,,,,,,"1,360","1,386",77.05,2.57,us-101,1118847370.6,1360.0,77.05200000000002,29.87,0.129999999999999,2.568400000000001,592.707692307697,False,False,False,False,689.865,False,lane_change,26.283000000000015
1366,3917,583,1118847370600,6.65,754.96,6451665.294,1872854.2,15.0,4.9,2,14.06,6.67,1,,,,,,,"1,358","1,370",42.26,3.01,us-101,1118847370.6,1358.0,42.26299999999992,19.41,-5.35,3.0059032716927394,inf,False,False,False,False,689.865,False,lane_change,65.09500000000003
1367,3917,528,1118847370600,19.329,730.013,6451638.186,1872861.127,17.0,5.9,2,25.0,0.0,2,,,,,,,"1,361","1,373",48.51,1.94,us-101,1118847370.6,1361.0,48.509000000000015,25.04,-0.03999999999999915,1.9403600000000005,inf,False,False,False,True,689.865,False,lane_change,40.148000000000025
1368,3917,476,1118847370600,53.57,623.784,6451535.428,1872905.893,10.5,5.0,2,52.76,-8.75,5,,,,,,,"1,364","1,387",98.45,1.87,us-101,1118847370.6,1364.0,98.44899999999996,40.0,12.759999999999998,1.8659780136467012,7.715438871473352,False,True,False,True,689.865,False,lane_change,-66.08100000000002
1369,3917,563,1118847370600,30.085,687.58,6451599.202,1872881.039,13.5,5.4,2,25.0,0.0,3,,,,,,,"1,363","1,372",60.63,2.43,us-101,1118847370.6,1363.0,60.63499999999999,28.33,-3.3299999999999983,2.4254,inf,False,False,False,False,689.865,False,lane_change,-2.284999999999968
1370,3917,583,1118847370600,9.661,715.934,6451633.999,1872877.668,14.5,4.9,2,5.1,2.05,1,,,,,,,"1,366","1,389",39.03,7.65,us-101,1118847370.6,1366.0,39.02600000000007,14.06,-8.96,7.6521568627451115,inf,False,False,False,False,689.865,False,lane_change,26.06899999999996
1372,3917,545,1118847370600,31.372,620.721,6451547.969,1872924.457,13.0,5.9,2,32.06,-4.0,3,,,,,,,"1,369","1,390",66.86,2.09,us-101,1118847370.6,1369.0,66.85900000000004,25.0,7.060000000000002,2.0854335620711177,9.470113314447595,False,True,False,False,689.865,False,lane_change,-69.144
1373,3917,517,1118847370600,19.067,667.448,6451591.342,1872902.602,12.0,5.5,2,18.02,-0.04,2,,,,,,,"1,367","1,388",62.56,3.47,us-101,1118847370.6,1367.0,62.565000000000055,25.0,-6.98,3.4719755826859076,inf,False,False,False,False,689.865,False,lane_change,-22.41700000000003
1388,3917,555,1118847370600,18.34,622.673,6451558.111,1872932.87,14.0,5.4,2,20.0,0.0,2,,,,,,,"1,373","1,394",44.78,2.24,us-101,1118847370.6,1373.0,44.77499999999998,18.02,1.9800000000000004,2.2387499999999987,22.613636363636346,False,False,False,False,689.865,False,lane_change,-67.19200000000001
1389,3917,591,1118847370600,7.682,672.477,6451602.604,1872907.864,14.0,5.4,2,0.0,0.0,1,,,,,,,"1,370","1,397",43.46,"9,999.99",us-101,1118847370.6,1370.0,43.456999999999994,5.1,-5.1,,inf,False,False,False,False,689.865,False,lane_change,-17.388000000000034
1397,3917,615,1118847370600,7.883,647.91,6451584.048,1872923.888,15.5,5.4,2,8.63,-10.69,1,,,,,,,"1,389","1,404",24.57,2.85,us-101,1118847370.6,1389.0,24.567000000000007,0.0,8.63,2.8466975666280425,2.8466975666280425,False,True,False,False,689.865,False,lane_change,-41.95500000000004
1361,3918,529,1118847370700,19.257,781.027,6451676.561,1872827.532,16.5,5.4,2,25.03,-0.28,2,,,,,,,"1,353","1,367",59.28,2.37,us-101,1118847370.7,1353.0,59.28399999999999,25.0,0.030000000000001137,2.3685177786656006,1976.1333333332582,False,False,False,False,695.656,False,lane_change,85.3710000000001
1362,3918,280,1118847370700,59.196,695.656,6451586.002,1872853.89,15.0,4.9,2,58.67,11.2,6,,,,,,,"1,349",0,207.41,3.54,us-101,1118847370.7,1349.0,207.4140000000001,58.94,-0.269999999999996,3.5352650417589926,inf,False,False,False,False,695.656,True,lane_change,0.0
1363,3918,567,1118847370700,29.418,751.098,6451647.371,1872839.637,13.5,5.9,2,29.08,6.92,3,,,,,,,"1,354","1,369",54.99,1.89,us-101,1118847370.7,1354.0,54.98599999999999,32.32,-3.240000000000002,1.8908528198074275,inf,False,False,False,True,695.656,False,lane_change,55.44200000000001
1364,3918,507,1118847370700,54.336,726.233,6451612.25,1872837.313,11.5,5.5,2,40.0,0.0,5,,,,,,,"1,359","1,368",84.67,2.12,us-101,1118847370.7,1359.0,84.67400000000009,38.94,1.0600000000000023,2.116850000000002,79.88113207547161,False,False,False,False,695.656,False,lane_change,30.576999999999998
1365,3918,507,1118847370700,40.642,719.148,6451615.96,1872852.278,15.0,4.9,2,30.0,0.0,4,,,,,,,"1,360","1,386",77.03,2.57,us-101,1118847370.7,1360.0,77.03499999999997,29.78,0.21999999999999886,2.5678333333333323,350.1590909090926,False,False,False,False,695.656,False,lane_change,23.492000000000075
1366,3918,583,1118847370700,6.657,756.415,6451666.381,1872853.236,15.0,4.9,2,14.6,4.27,1,,,,,,,"1,358","1,370",42.74,2.93,us-101,1118847370.7,1358.0,42.735000000000014,19.3,-4.700000000000001,2.927054794520549,inf,False,False,False,False,695.656,False,lane_change,60.759000000000015
1367,3918,528,1118847370700,19.314,732.513,6451640.075,1872859.489,17.0,5.9,2,25.0,0.0,2,,,,,,,"1,361","1,373",48.51,1.94,us-101,1118847370.7,1361.0,48.51400000000001,25.03,-0.030000000000001137,1.9405600000000005,inf,False,False,False,True,695.656,False,lane_change,36.857000000000085
1368,3918,476,1118847370700,53.501,629.03,6451539.539,1872902.309,10.5,5.0,2,51.94,-10.31,5,,,,,,,"1,364","1,387",97.2,1.87,us-101,1118847370.7,1364.0,97.20299999999997,40.0,11.939999999999998,1.8714478244127837,8.140954773869346,False,True,False,True,695.656,False,lane_change,-66.62599999999998
1369,3918,563,1118847370700,30.07,690.08,6451601.091,1872879.401,13.5,5.4,2,25.0,0.0,3,,,,,,,"1,363","1,372",61.02,2.44,us-101,1118847370.7,1363.0,61.017999999999915,29.08,-4.079999999999998,2.4407199999999967,inf,False,False,False,False,695.656,False,lane_change,-5.575999999999908
1370,3918,583,1118847370700,9.658,716.427,6451634.355,1872877.36,14.5,4.9,2,5.53,6.25,1,,,,,,,"1,366","1,389",39.99,7.23,us-101,1118847370.7,1366.0,39.98799999999994,14.6,-9.07,7.231103074141038,inf,False,False,False,False,695.656,False,lane_change,20.771000000000072
1372,3918,545,1118847370700,31.324,623.908,6451550.35,1872922.393,13.0,5.9,2,31.61,-4.16,3,,,,,,,"1,369","1,390",66.17,2.09,us-101,1118847370.7,1369.0,66.17200000000003,25.0,6.609999999999999,2.0933881683011712,10.010892586989415,False,True,False,False,695.656,False,lane_change,-71.74799999999993
1373,3918,517,1118847370700,19.105,669.248,6451592.67,1872901.385,12.0,5.5,2,18.03,0.16,2,,,,,,,"1,367","1,388",63.26,3.51,us-101,1118847370.7,1367.0,63.264999999999986,25.0,-6.969999999999999,3.5088740987243474,inf,False,False,False,False,695.656,False,lane_change,-26.4079999999999
1388,3918,555,1118847370700,18.309,624.673,6451559.623,1872931.56,14.0,5.4,2,20.0,0.0,2,,,,,,,"1,373","1,394",44.58,2.23,us-101,1118847370.7,1373.0,44.575000000000045,18.03,1.9699999999999989,2.2287500000000025,22.626903553299528,False,False,False,False,695.656,False,lane_change,-70.98299999999995
1389,3918,591,1118847370700,7.682,672.477,6451602.604,1872907.864,14.0,5.4,2,0.0,0.0,1,,,,,,,"1,370","1,397",43.95,"9,999.99",us-101,1118847370.7,1370.0,43.950000000000045,5.53,-5.53,,inf,False,False,False,False,695.656,False,lane_change,-23.178999999999974
1397,3918,615,1118847370700,7.9,648.718,6451584.655,1872923.332,15.5,5.4,2,7.5,-11.2,1,,,,,,,"1,389","1,404",23.76,3.17,us-101,1118847370.7,1389.0,23.759000000000015,0.0,7.5,3.1678666666666686,3.1678666666666686,False,True,False,False,695.656,False,lane_change,-46.93799999999999
1358,3919,584,1118847370800,6.191,801.068,6451700.232,1872824.111,9.5,8.0,2,19.3,0.64,1,,,,,,,"1,348","1,366",68.25,3.54,us-101,1118847370.8,1348.0,68.25099999999998,24.63,-5.329999999999998,3.536321243523315,inf,False,False,False,False,701.599,False,lane_change,99.46899999999994
1360,3919,506,1118847370800,42.764,799.152,6451674.639,1872797.914,11.0,5.5,2,29.71,-0.46,4,,,,,,,"1,351","1,365",50.11,1.69,us-101,1118847370.8,1351.0,50.104999999999905,30.0,-0.28999999999999915,1.6864692022887884,inf,False,False,False,True,701.599,False,lane_change,97.553
1361,3919,529,1118847370800,19.238,783.521,6451678.45,1872825.895,16.5,5.4,2,25.08,0.9,2,,,,,,,"1,353","1,367",59.29,2.36,us-101,1118847370.8,1353.0,59.29000000000008,25.0,0.0799999999999983,2.3640350877193015,741.1250000000167,False,False,False,False,701.599,False,lane_change,81.92199999999991
1362,3919,280,1118847370800,59.611,701.599,6451590.21,1872849.643,15.0,4.9,2,60.3,11.2,6,,,,,,,"1,349",0,207.31,3.44,us-101,1118847370.8,1349.0,207.31499999999994,58.94,1.3599999999999994,3.4380597014925365,152.43750000000003,False,False,False,False,701.599,True,lane_change,0.0
1363,3919,567,1118847370800,29.416,754.057,6451649.592,1872837.69,13.5,5.9,2,29.62,4.34,3,,,,,,,"1,354","1,369",55.25,1.87,us-101,1118847370.8,1354.0,55.250999999999976,32.33,-2.7099999999999973,1.8653274814314644,inf,False,False,False,True,701.599,False,lane_change,52.45799999999997
1364,3919,507,1118847370800,54.311,730.233,6451615.272,1872834.693,11.5,5.5,2,40.0,0.0,5,,,,,,,"1,359","1,368",84.57,2.11,us-101,1118847370.8,1359.0,84.57400000000007,38.24,1.759999999999998,2.1143500000000017,48.053409090909184,False,False,False,False,701.599,False,lane_change,28.6339999999999
1365,3919,507,1118847370800,40.623,722.148,6451618.227,1872850.313,15.0,4.9,2,30.0,0.0,4,,,,,,,"1,360","1,386",77.0,2.57,us-101,1118847370.8,1360.0,77.00400000000002,29.71,0.28999999999999915,2.5668000000000006,265.5310344827595,False,False,False,False,701.599,False,lane_change,20.548999999999978
1366,3919,583,1118847370800,6.647,757.903,6451667.537,1872852.234,15.0,4.9,2,15.0,3.22,1,,,,,,,"1,358","1,370",43.16,2.88,us-101,1118847370.8,1358.0,43.164999999999964,19.3,-4.300000000000001,2.877666666666664,inf,False,False,False,False,701.599,False,lane_change,56.303999999999974
1367,3919,528,1118847370800,19.298,735.013,6451641.964,1872857.851,17.0,5.9,2,25.0,0.0,2,,,,,,,"1,361","1,373",48.51,1.94,us-101,1118847370.8,1361.0,48.507999999999925,25.08,-0.0799999999999983,1.940319999999997,inf,False,False,False,True,701.599,False,lane_change,33.41399999999999
1368,3919,476,1118847370800,53.478,634.163,6451543.531,1872898.786,10.5,5.0,2,51.1,-7.48,5,,,,,,,"1,364","1,387",96.07,1.88,us-101,1118847370.8,1364.0,96.06999999999994,40.0,11.100000000000001,1.8800391389432471,8.654954954954949,False,True,False,True,701.599,False,lane_change,-67.43600000000004
1369,3919,563,1118847370800,30.054,692.58,6451602.98,1872877.764,13.5,5.4,2,25.0,0.0,3,,,,,,,"1,363","1,372",61.48,2.46,us-101,1118847370.8,1363.0,61.476999999999975,29.62,-4.620000000000001,2.459079999999999,inf,False,False,False,False,701.599,False,lane_change,-9.019000000000005
1370,3919,583,1118847370800,9.613,716.982,6451634.795,1872877.033,14.5,4.9,2,6.36,10.69,1,,,,,,,"1,366","1,389",40.92,6.43,us-101,1118847370.8,1366.0,40.92100000000005,15.0,-8.64,6.434119496855353,inf,False,False,False,False,701.599,False,lane_change,15.382999999999925
1372,3919,545,1118847370800,31.274,627.057,6451552.753,1872920.31,13.0,5.9,2,31.05,-6.28,3,,,,,,,"1,369","1,390",65.52,2.11,us-101,1118847370.8,1369.0,65.52300000000002,25.0,6.050000000000001,2.1102415458937207,10.8302479338843,False,True,False,False,701.599,False,lane_change,-74.54200000000003
1373,3919,517,1118847370800,19.144,671.059,6451593.997,1872900.168,12.0,5.5,2,17.97,-0.96,2,,,,,,,"1,367","1,388",63.95,3.56,us-101,1118847370.8,1367.0,63.954000000000065,25.0,-7.030000000000001,3.5589315525876497,inf,False,False,False,False,701.599,False,lane_change,-30.540000000000077
1388,3919,555,1118847370800,18.278,626.672,6451561.134,1872930.25,14.0,5.4,2,20.0,0.0,2,,,,,,,"1,373","1,394",44.39,2.22,us-101,1118847370.8,1373.0,44.386999999999944,17.97,2.030000000000001,2.2193499999999973,21.86551724137927,False,False,False,False,701.599,False,lane_change,-74.92700000000002
1389,3919,591,1118847370800,7.682,672.477,6451602.604,1872907.864,14.0,5.4,2,0.0,0.0,1,,,,,,,"1,370","1,397",44.5,"9,999.99",us-101,1118847370.8,1370.0,44.504999999999995,6.36,-6.36,,inf,False,False,False,False,701.599,False,lane_change,-29.12200000000007
1397,3919,615,1118847370800,7.874,649.41,6451585.181,1872922.905,15.5,5.4,2,6.37,-10.69,1,,,,,,,"1,389","1,404",23.07,3.62,us-101,1118847370.8,1389.0,23.067000000000007,0.0,6.37,3.6211930926216653,3.6211930926216653,False,True,False,False,701.599,False,lane_change,-52.18900000000008
1358,3920,584,1118847370900,6.106,802.997,6451701.733,1872822.904,9.5,8.0,2,19.39,1.34,1,,,,,,,"1,348","1,366",68.82,3.55,us-101,1118847370.9,1348.0,68.82400000000007,24.93,-5.539999999999999,3.549458483754516,inf,False,False,False,False,707.693,False,lane_change,95.30399999999997
1360,3920,506,1118847370900,42.69,802.115,6451676.911,1872796.015,11.0,5.5,2,29.71,0.46,4,,,,,,,"1,351","1,365",50.14,1.69,us-101,1118847370.9,1351.0,50.14199999999994,30.0,-0.28999999999999915,1.687714574217433,inf,False,False,False,True,707.693,False,lane_change,94.42200000000003
1361,3920,529,1118847370900,19.221,786.015,6451680.324,1872824.269,16.5,5.4,2,25.33,3.86,2,,,,,,,"1,353","1,367",59.3,2.34,us-101,1118847370.9,1353.0,59.297000000000025,24.98,0.34999999999999787,2.340979076194237,169.4200000000011,False,False,False,False,707.693,False,lane_change,78.322
1362,3920,280,1118847370900,60.017,707.693,6451594.562,1872845.282,15.0,4.9,2,61.53,9.85,6,,,,,,,"1,349",0,207.1,3.37,us-101,1118847370.9,1349.0,207.10000000000002,59.29,2.240000000000002,3.3658378026978713,92.45535714285707,False,False,False,False,707.693,True,lane_change,0.0
1363,3920,567,1118847370900,29.397,757.059,6451651.881,1872835.706,13.5,5.9,2,29.93,1.61,3,,,,,,,"1,354","1,369",55.49,1.85,us-101,1118847370.9,1354.0,55.48599999999999,32.34,-2.4100000000000037,1.8538590043434677,inf,False,False,False,True,707.693,False,lane_change,49.365999999999985
1364,3920,507,1118847370900,54.286,734.233,6451618.295,1872832.073,11.5,5.5,2,40.0,0.0,5,,,,,,,"1,359","1,368",84.36,2.11,us-101,1118847370.9,1359.0,84.36300000000006,37.22,2.780000000000001,2.1090750000000016,30.346402877697848,False,False,False,False,707.693,False,lane_change,26.539999999999964
1365,3920,507,1118847370900,40.604,725.148,6451620.494,1872848.348,15.0,4.9,2,30.0,0.0,4,,,,,,,"1,360","1,386",76.97,2.57,us-101,1118847370.9,1360.0,76.96699999999998,29.71,0.28999999999999915,2.5655666666666663,265.4034482758628,False,False,False,False,707.693,False,lane_change,17.45500000000004
1366,3920,583,1118847370900,6.638,759.415,6451668.648,1872851.271,15.0,4.9,2,15.41,4.32,1,,,,,,,"1,358","1,370",43.58,2.83,us-101,1118847370.9,1358.0,43.581999999999994,19.39,-3.9800000000000004,2.8281635301752104,inf,False,False,False,False,707.693,False,lane_change,51.72199999999998
1367,3920,528,1118847370900,19.282,737.513,6451643.853,1872856.214,17.0,5.9,2,25.0,0.0,2,,,,,,,"1,361","1,373",48.5,1.94,us-101,1118847370.9,1361.0,48.50199999999995,25.33,-0.3299999999999983,1.940079999999998,inf,False,False,False,True,707.693,False,lane_change,29.82000000000005
1368,3920,476,1118847370900,53.423,639.198,6451547.457,1872895.412,10.5,5.0,2,50.49,-2.71,5,,,,,,,"1,364","1,387",95.03,1.88,us-101,1118847370.9,1364.0,95.03499999999997,40.0,10.490000000000002,1.8822539116656756,9.059580552907526,False,False,False,True,707.693,False,lane_change,-68.495
1369,3920,563,1118847370900,30.038,695.079,6451604.869,1872876.126,13.5,5.4,2,25.0,0.0,3,,,,,,,"1,363","1,372",61.98,2.48,us-101,1118847370.9,1363.0,61.98000000000002,29.93,-4.93,2.4792000000000005,inf,False,False,False,False,707.693,False,lane_change,-12.614000000000033
1370,3920,583,1118847370900,9.586,717.673,6451635.321,1872876.607,14.5,4.9,2,7.5,11.2,1,,,,,,,"1,366","1,389",41.74,5.57,us-101,1118847370.9,1366.0,41.74199999999996,15.41,-7.91,5.5655999999999946,inf,False,False,False,False,707.693,False,lane_change,9.980000000000018
1372,3920,545,1118847370900,31.225,630.133,6451555.147,1872918.235,13.0,5.9,2,30.51,-6.22,3,,,,,,,"1,369","1,390",64.95,2.13,us-101,1118847370.9,1369.0,64.94599999999991,25.0,5.510000000000002,2.1286791215994727,11.786932849364772,False,True,False,False,707.693,False,lane_change,-77.55999999999995
1373,3920,517,1118847370900,19.185,672.866,6451595.336,1872898.938,12.0,5.5,2,17.74,-3.31,2,,,,,,,"1,367","1,388",64.65,3.64,us-101,1118847370.9,1367.0,64.64700000000005,25.0,-7.260000000000002,3.6441375422773423,inf,False,True,False,False,707.693,False,lane_change,-34.827
1388,3920,555,1118847370900,18.247,628.682,6451562.645,1872928.94,14.0,5.4,2,19.91,-1.41,2,,,,,,,"1,373","1,394",44.18,2.22,us-101,1118847370.9,1373.0,44.18399999999997,17.74,2.1700000000000017,2.2191863385233535,20.361290322580615,False,False,False,False,707.693,False,lane_change,-79.01099999999997
1389,3920,591,1118847370900,7.682,672.477,6451602.604,1872907.864,14.0,5.4,2,0.0,0.0,1,,,,,,,"1,370","1,397",45.2,"9,999.99",us-101,1118847370.9,1370.0,45.196000000000026,7.5,-7.5,,inf,False,False,False,False,707.693,False,lane_change,-35.21600000000001
1397,3920,615,1118847370900,7.83,649.963,6451585.621,1872922.578,15.5,5.4,2,5.55,-6.02,1,,,,,,,"1,389","1,404",22.51,4.06,us-101,1118847370.9,1389.0,22.51400000000001,0.0,5.55,4.056576576576578,4.056576576576578,False,True,False,False,707.693,False,lane_change,-57.73000000000002
1358,3921,584,1118847371000,6.038,804.944,6451703.244,1872821.665,9.5,8.0,2,19.5,1.03,1,,,,,,,"1,348","1,366",69.39,3.56,us-101,1118847371.0,1348.0,69.39200000000005,25.01,-5.510000000000002,3.5585641025641053,inf,False,False,False,False,713.935,False,lane_change,91.00900000000001
1360,3921,506,1118847371000,42.621,805.084,6451679.184,1872794.107,11.0,5.5,2,29.77,0.93,4,,,,,,,"1,351","1,365",50.17,1.69,us-101,1118847371.0,1351.0,50.173,30.0,-0.23000000000000043,1.6853543836076588,inf,False,False,False,True,713.935,False,lane_change,91.149
1361,3921,529,1118847371000,19.184,788.545,6451682.241,1872822.632,16.5,5.4,2,25.87,7.11,2,,,,,,,"1,353","1,367",59.26,2.29,us-101,1118847371.0,1353.0,59.263000000000034,24.97,0.9000000000000021,2.290800154619251,65.84777777777767,False,False,False,False,713.935,False,lane_change,74.61000000000001
1362,3921,280,1118847371000,60.334,713.935,6451599.069,1872840.903,15.0,4.9,2,62.24,4.02,6,,,,,,,"1,349",0,206.84,3.32,us-101,1118847371.0,1349.0,206.8370000000001,59.77,2.469999999999999,3.3232165809768652,83.7396761133604,False,False,False,False,713.935,True,lane_change,0.0
1363,3921,567,1118847371000,29.379,760.072,6451654.147,1872833.741,13.5,5.9,2,30.03,-0.06,3,,,,,,,"1,354","1,369",55.72,1.86,us-101,1118847371.0,1354.0,55.72199999999998,32.21,-2.1799999999999997,1.855544455544455,inf,False,False,False,True,713.935,False,lane_change,46.13700000000006
1364,3921,507,1118847371000,54.261,738.233,6451621.317,1872829.453,11.5,5.5,2,40.0,0.0,5,,,,,,,"1,359","1,368",84.02,2.1,us-101,1118847371.0,1359.0,84.0200000000001,36.2,3.799999999999997,2.1005000000000025,22.110526315789514,False,False,False,False,713.935,False,lane_change,24.298000000000002
1365,3921,507,1118847371000,40.585,728.148,6451622.761,1872846.383,15.0,4.9,2,30.0,0.0,4,,,,,,,"1,360","1,386",76.94,2.56,us-101,1118847371.0,1360.0,76.93599999999992,29.77,0.23000000000000043,2.5645333333333307,334.504347826086,False,False,False,False,713.935,False,lane_change,14.21300000000008
1366,3921,583,1118847371000,6.612,760.962,6451669.828,1872850.27,15.0,4.9,2,15.94,6.56,1,,,,,,,"1,358","1,370",43.98,2.76,us-101,1118847371.0,1358.0,43.98199999999997,19.5,-3.5600000000000005,2.759222082810538,inf,False,False,False,False,713.935,False,lane_change,47.027000000000044
1367,3921,528,1118847371000,19.267,740.012,6451645.742,1872854.576,17.0,5.9,2,25.0,0.0,2,,,,,,,"1,361","1,373",48.53,1.94,us-101,1118847371.0,1361.0,48.533000000000015,25.87,-0.870000000000001,1.9413200000000006,inf,False,False,False,True,713.935,False,lane_change,26.076999999999998
1368,3921,476,1118847371000,53.35,644.225,6451551.297,1872892.138,10.5,5.0,2,50.27,-2.0,5,,,,,,,"1,364","1,387",94.01,1.87,us-101,1118847371.0,1364.0,94.00799999999992,40.0,10.270000000000003,1.870061666998208,9.15365141187925,False,False,False,True,713.935,False,lane_change,-69.70999999999992
1369,3921,563,1118847371000,30.022,697.579,6451606.758,1872874.489,13.5,5.4,2,25.0,0.0,3,,,,,,,"1,363","1,372",62.49,2.5,us-101,1118847371.0,1363.0,62.49300000000005,30.03,-5.030000000000001,2.499720000000002,inf,False,False,False,False,713.935,False,lane_change,-16.355999999999995
1370,3921,583,1118847371000,9.604,718.481,6451635.928,1872876.051,14.5,4.9,2,8.63,10.71,1,,,,,,,"1,366","1,389",42.48,4.92,us-101,1118847371.0,1366.0,42.480999999999995,15.94,-7.309999999999999,4.922479721900347,inf,False,False,False,False,713.935,False,lane_change,4.546000000000049
1372,3921,545,1118847371000,31.195,633.137,6451557.504,1872916.17,13.0,5.9,2,30.06,-3.19,3,,,,,,,"1,369","1,390",64.44,2.14,us-101,1118847371.0,1369.0,64.44200000000001,25.0,5.059999999999999,2.1437791084497673,12.73557312252965,False,True,False,False,713.935,False,lane_change,-80.798
1373,3921,517,1118847371000,19.224,674.64,6451596.654,1872897.729,12.0,5.5,2,17.31,-5.62,2,,,,,,,"1,367","1,388",65.37,3.78,us-101,1118847371.0,1367.0,65.37199999999996,25.0,-7.690000000000001,3.776545349508952,inf,False,True,False,False,713.935,False,lane_change,-39.29499999999996
1388,3921,555,1118847371000,18.217,630.673,6451564.156,1872927.63,14.0,5.4,2,19.7,-2.71,2,,,,,,,"1,373","1,394",43.97,2.23,us-101,1118847371.0,1373.0,43.966999999999985,17.31,2.3900000000000006,2.231827411167512,18.39623430962342,False,False,False,False,713.935,False,lane_change,-83.26199999999994
1389,3921,591,1118847371000,7.682,672.477,6451602.604,1872907.864,14.0,5.4,2,0.0,0.0,1,,,,,,,"1,370","1,397",46.0,"9,999.99",us-101,1118847371.0,1370.0,46.00400000000002,8.63,-8.63,,inf,False,False,False,False,713.935,False,lane_change,-41.45799999999997
1397,3921,615,1118847371000,7.826,650.461,6451585.977,1872922.27,15.5,5.4,2,5.13,-1.99,1,,,,,,,"1,389","1,404",22.02,4.29,us-101,1118847371.0,1389.0,22.015999999999963,0.0,5.13,4.29161793372319,4.29161793372319,False,False,False,False,713.935,False,lane_change,-63.47399999999993
1354,3922,568,1118847371100,29.94,819.023,6451698.042,1872794.407,17.0,5.4,2,31.84,-5.17,3,,,,,,,"1,350","1,363",48.79,1.53,us-101,1118847371.1,1350.0,48.793000000000006,34.19,-2.349999999999998,1.5324434673366836,inf,False,True,False,True,720.205,False,lane_change,98.81799999999998
1358,3922,584,1118847371100,5.977,806.904,6451704.759,1872820.413,9.5,8.0,2,19.57,0.32,1,,,,,,,"1,348","1,366",69.93,3.57,us-101,1118847371.1,1348.0,69.93200000000002,24.99,-5.419999999999998,3.57342871742463,inf,False,False,False,False,720.205,False,lane_change,86.69899999999996
1360,3922,506,1118847371100,42.571,808.067,6451681.459,1872792.172,11.0,5.5,2,29.85,0.75,4,,,,,,,"1,351","1,365",50.19,1.68,us-101,1118847371.1,1351.0,50.188999999999965,30.0,-0.14999999999999858,1.6813735343383571,inf,False,False,False,True,720.205,False,lane_change,87.86199999999997
1361,3922,529,1118847371100,19.145,791.157,6451684.231,1872820.934,16.5,5.4,2,26.63,8.56,2,,,,,,,"1,353","1,367",59.13,2.22,us-101,1118847371.1,1353.0,59.134000000000015,25.1,1.5299999999999976,2.22057829515584,38.64967320261445,False,False,False,False,720.205,False,lane_change,70.952
1362,3922,280,1118847371100,60.645,720.205,6451603.562,1872836.545,15.0,4.9,2,62.51,0.53,6,,,,,,,"1,349",0,206.59,3.3,us-101,1118847371.1,1349.0,206.586,59.97,2.539999999999999,3.304847224444089,81.33307086614177,False,False,False,False,720.205,True,lane_change,0.0
1363,3922,567,1118847371100,29.36,763.077,6451656.414,1872831.776,13.5,5.9,2,30.02,-0.25,3,,,,,,,"1,354","1,369",55.95,1.86,us-101,1118847371.1,1354.0,55.946000000000026,31.84,-1.8200000000000003,1.8636242504996678,inf,False,False,False,True,720.205,False,lane_change,42.87199999999996
1364,3922,507,1118847371100,54.236,742.233,6451624.34,1872826.832,11.5,5.5,2,40.0,0.0,5,,,,,,,"1,359","1,368",83.56,2.09,us-101,1118847371.1,1359.0,83.56500000000005,35.45,4.549999999999997,2.0891250000000015,18.365934065934088,False,False,False,False,720.205,False,lane_change,22.027999999999906
1365,3922,507,1118847371100,40.566,731.148,6451625.028,1872844.418,15.0,4.9,2,30.0,0.0,4,,,,,,,"1,360","1,386",76.92,2.56,us-101,1118847371.1,1360.0,76.91899999999998,29.85,0.14999999999999858,2.563966666666666,512.7933333333381,False,False,False,False,720.205,False,lane_change,10.942999999999984
1366,3922,583,1118847371100,6.601,762.585,6451671.055,1872849.207,15.0,4.9,2,16.58,6.83,1,,,,,,,"1,358","1,370",44.32,2.67,us-101,1118847371.1,1358.0,44.31899999999996,19.57,-2.990000000000002,2.673039806996379,inf,False,False,False,False,720.205,False,lane_change,42.379999999999995
1367,3922,528,1118847371100,19.251,742.512,6451647.631,1872852.939,17.0,5.9,2,25.0,0.0,2,,,,,,,"1,361","1,373",48.64,1.95,us-101,1118847371.1,1361.0,48.645000000000095,26.63,-1.629999999999999,1.9458000000000037,inf,False,False,False,True,720.205,False,lane_change,22.306999999999903
1368,3922,476,1118847371100,53.319,649.247,6451555.053,1872888.882,10.5,5.0,2,50.1,-2.05,5,,,,,,,"1,364","1,387",92.99,1.86,us-101,1118847371.1,1364.0,92.98599999999999,40.0,10.100000000000001,1.856007984031936,9.206534653465344,False,False,False,True,720.205,False,lane_change,-70.95800000000008
1369,3922,563,1118847371100,30.007,700.079,6451608.647,1872872.851,13.5,5.4,2,25.0,0.0,3,,,,,,,"1,363","1,372",63.0,2.52,us-101,1118847371.1,1363.0,62.99800000000005,30.02,-5.02,2.5199200000000017,inf,False,False,False,False,720.205,False,lane_change,-20.12600000000009
1370,3922,583,1118847371100,9.639,719.427,6451636.622,1872875.395,14.5,4.9,2,9.47,6.27,1,,,,,,,"1,366","1,389",43.16,4.56,us-101,1118847371.1,1366.0,43.158000000000015,16.58,-7.109999999999998,4.557338965153116,inf,False,False,False,False,720.205,False,lane_change,-0.77800000000002
1372,3922,545,1118847371100,31.16,636.1,6451559.817,1872914.187,13.0,5.9,2,29.86,0.44,3,,,,,,,"1,369","1,390",63.98,2.14,us-101,1118847371.1,1369.0,63.97899999999993,25.0,4.859999999999999,2.14263228399196,13.164403292181056,False,False,False,False,720.205,False,lane_change,-84.10500000000002
1373,3922,517,1118847371100,19.258,676.347,6451597.908,1872896.583,12.0,5.5,2,16.75,-6.03,2,,,,,,,"1,367","1,388",66.16,3.95,us-101,1118847371.1,1367.0,66.16499999999996,25.0,-8.25,3.950149253731341,inf,False,True,False,False,720.205,False,lane_change,-43.85800000000006
1388,3922,555,1118847371100,18.185,632.624,6451565.668,1872926.32,14.0,5.4,2,19.54,-1.54,2,,,,,,,"1,373","1,394",43.72,2.24,us-101,1118847371.1,1373.0,43.722999999999956,16.75,2.789999999999999,2.2376151484135085,15.671326164874541,False,False,False,False,720.205,False,lane_change,-87.58100000000002
1389,3922,591,1118847371100,7.682,672.477,6451602.604,1872907.864,14.0,5.4,2,0.0,0.0,1,,,,,,,"1,370","1,397",46.95,"9,999.99",us-101,1118847371.1,1370.0,46.950000000000045,9.47,-9.47,,inf,False,False,False,False,720.205,False,lane_change,-47.728000000000065
1397,3922,615,1118847371100,7.822,650.961,6451586.355,1872921.943,15.5,5.4,2,4.87,-1.99,1,,,,,,,"1,389","1,404",21.52,4.42,us-101,1118847371.1,1389.0,21.515999999999963,0.0,4.87,4.418069815195064,4.418069815195064,False,False,False,False,720.205,False,lane_change,-69.24400000000003
1354,3923,568,1118847371200,29.892,822.191,6451700.438,1872792.363,17.0,5.4,2,31.29,-6.42,3,,,,,,,"1,350","1,363",49.07,1.57,us-101,1118847371.2,1350.0,49.073999999999955,34.62,-3.3299999999999983,1.5683604985618396,inf,False,True,False,True,726.462,False,lane_change,95.72900000000004
1358,3923,584,1118847371200,5.914,808.865,6451706.272,1872819.167,9.5,8.0,2,19.6,0.04,1,,,,,,,"1,348","1,366",70.45,3.59,us-101,1118847371.2,1348.0,70.45299999999997,25.1,-5.5,3.594540816326529,inf,False,False,False,False,726.462,False,lane_change,82.40300000000002
1360,3923,506,1118847371200,42.531,811.058,6451683.734,1872790.224,11.0,5.5,2,29.91,0.34,4,,,,,,,"1,351","1,365",50.2,1.68,us-101,1118847371.2,1351.0,50.200000000000045,29.98,-0.07000000000000028,1.6783684386492828,inf,False,False,False,True,726.462,False,lane_change,84.596
1361,3923,529,1118847371200,19.128,793.871,6451686.277,1872819.157,16.5,5.4,2,27.39,7.16,2,,,,,,,"1,353","1,367",58.91,2.15,us-101,1118847371.2,1353.0,58.91300000000001,25.53,1.8599999999999994,2.1508944870390656,31.67365591397851,False,False,False,False,726.462,False,lane_change,67.40899999999999
1362,3923,280,1118847371200,60.955,726.462,6451608.056,1872832.187,15.0,4.9,2,62.55,0.1,6,,,,,,,"1,349",0,206.31,3.3,us-101,1118847371.2,1349.0,206.312,60.1,2.4499999999999957,3.2983533173461232,84.20897959183688,False,False,False,False,726.462,True,lane_change,0.0
1363,3923,567,1118847371200,29.341,766.075,6451658.681,1872829.811,13.5,5.9,2,30.0,0.0,3,,,,,,,"1,354","1,369",56.12,1.87,us-101,1118847371.2,1354.0,56.115999999999985,31.29,-1.2899999999999991,1.870533333333333,inf,False,False,False,True,726.462,False,lane_change,39.613000000000056
1364,3923,507,1118847371200,54.211,746.233,6451627.362,1872824.212,11.5,5.5,2,40.0,0.0,5,,,,,,,"1,359","1,368",83.06,2.08,us-101,1118847371.2,1359.0,83.05600000000004,35.07,4.93,2.076400000000001,16.84705882352942,False,False,False,False,726.462,False,lane_change,19.770999999999958
1365,3923,507,1118847371200,40.547,734.148,6451627.295,1872842.453,15.0,4.9,2,30.0,0.0,4,,,,,,,"1,360","1,386",76.91,2.56,us-101,1118847371.2,1360.0,76.90999999999997,29.91,0.08999999999999986,2.5636666666666654,854.5555555555566,False,False,False,False,726.462,False,lane_change,7.6860000000000355
1366,3923,583,1118847371200,6.607,764.293,6451672.334,1872848.076,15.0,4.9,2,17.12,4.4,1,,,,,,,"1,358","1,370",44.57,2.6,us-101,1118847371.2,1358.0,44.572,19.6,-2.4800000000000004,2.6035046728971962,inf,False,False,False,False,726.462,False,lane_change,37.83100000000002
1367,3923,528,1118847371200,19.235,745.012,6451649.52,1872851.301,17.0,5.9,2,25.0,0.0,2,,,,,,,"1,361","1,373",48.86,1.95,us-101,1118847371.2,1361.0,48.85900000000004,27.39,-2.3900000000000006,1.9543600000000014,inf,False,False,False,True,726.462,False,lane_change,18.549999999999955
1368,3923,476,1118847371200,53.287,654.231,6451558.831,1872885.607,10.5,5.0,2,49.97,0.07,5,,,,,,,"1,364","1,387",92.0,1.84,us-101,1118847371.2,1364.0,92.00199999999995,40.0,9.969999999999999,1.8411446868120864,9.227883650952855,False,False,False,True,726.462,False,lane_change,-72.231
1369,3923,563,1118847371200,29.991,702.579,6451610.536,1872871.214,13.5,5.4,2,25.0,0.0,3,,,,,,,"1,363","1,372",63.5,2.54,us-101,1118847371.2,1363.0,63.496000000000095,30.0,-5.0,2.539840000000004,inf,False,False,False,False,726.462,False,lane_change,-23.883000000000038
1370,3923,583,1118847371200,9.632,720.435,6451637.4,1872874.721,14.5,4.9,2,9.89,1.78,1,,,,,,,"1,366","1,389",43.86,4.43,us-101,1118847371.2,1366.0,43.85800000000006,17.12,-7.23,4.434580384226497,inf,False,False,False,False,726.462,False,lane_change,-6.027000000000044
1372,3923,545,1118847371200,31.141,639.084,6451562.062,1872912.241,13.0,5.9,2,29.92,0.79,3,,,,,,,"1,369","1,390",63.5,2.12,us-101,1118847371.2,1369.0,63.495000000000005,25.0,4.920000000000002,2.122159090909091,12.905487804878046,False,False,False,False,726.462,False,lane_change,-87.37800000000004
1373,3923,517,1118847371200,19.281,677.981,6451599.121,1872895.487,12.0,5.5,2,16.26,-4.16,2,,,,,,,"1,367","1,388",67.03,4.12,us-101,1118847371.2,1367.0,67.03099999999995,25.0,-8.739999999999998,4.122447724477241,inf,False,True,False,False,726.462,False,lane_change,-48.480999999999995
1388,3923,555,1118847371200,18.162,634.556,6451567.186,1872925.013,14.0,5.4,2,19.51,0.85,2,,,,,,,"1,373","1,394",43.42,2.23,us-101,1118847371.2,1373.0,43.424999999999955,16.26,3.25,2.2257816504356716,13.361538461538448,False,False,False,False,726.462,False,lane_change,-91.90599999999995
1389,3923,591,1118847371200,7.682,672.477,6451602.604,1872907.864,14.0,5.4,2,0.0,0.0,1,,,,,,,"1,370","1,397",47.96,"9,999.99",us-101,1118847371.2,1370.0,47.95799999999997,9.89,-9.89,,inf,False,False,False,False,726.462,False,lane_change,-53.985000000000014
1397,3923,615,1118847371200,7.819,651.463,6451586.755,1872921.596,15.5,5.4,2,4.45,-6.02,1,,,,,,,"1,389","1,404",21.01,4.72,us-101,1118847371.2,1389.0,21.01400000000001,0.0,4.45,4.722247191011238,4.722247191011238,False,True,False,False,726.462,False,lane_change,-74.99900000000002
1354,3924,568,1118847371300,29.853,825.281,6451702.791,1872790.346,17.0,5.4,2,30.71,-5.36,3,,,,,,,"1,350","1,363",49.48,1.61,us-101,1118847371.3,1350.0,49.48400000000004,34.92,-4.210000000000001,1.6113318137414534,inf,False,True,False,True,732.72,False,lane_change,92.56099999999992
1358,3924,584,1118847371300,5.848,810.825,6451707.785,1872817.924,9.5,8.0,2,19.6,0.06,1,,,,,,,"1,348","1,366",70.99,3.62,us-101,1118847371.3,1348.0,70.98599999999999,25.53,-5.93,3.62173469387755,inf,False,False,False,False,732.72,False,lane_change,78.10500000000002
1360,3924,506,1118847371300,42.487,814.051,6451686.009,1872788.282,11.0,5.5,2,29.94,0.27,4,,,,,,,"1,351","1,365",50.2,1.68,us-101,1118847371.3,1351.0,50.202,29.97,-0.029999999999997584,1.676753507014028,inf,False,False,False,True,732.72,False,lane_change,81.33100000000002
1361,3924,529,1118847371300,19.107,796.668,6451688.397,1872817.32,16.5,5.4,2,27.93,3.81,2,,,,,,,"1,353","1,367",58.67,2.1,us-101,1118847371.3,1353.0,58.67100000000005,26.37,1.5599999999999987,2.100644468313643,37.609615384615445,False,False,False,False,732.72,False,lane_change,63.94799999999998
1362,3924,280,1118847371300,61.266,732.72,6451612.549,1872827.829,15.0,4.9,2,62.54,-0.15,6,,,,,,,"1,349",0,206.05,3.29,us-101,1118847371.3,1349.0,206.04700000000003,60.53,2.009999999999998,3.2946434282059487,102.51094527363196,False,False,False,False,732.72,True,lane_change,0.0
1363,3924,567,1118847371300,29.322,769.075,6451660.948,1872827.846,13.5,5.9,2,30.0,0.0,3,,,,,,,"1,354","1,369",56.21,1.87,us-101,1118847371.3,1354.0,56.205999999999904,30.71,-0.7100000000000009,1.8735333333333302,inf,False,False,False,True,732.72,False,lane_change,36.35500000000002
1364,3924,507,1118847371300,54.185,750.233,6451630.385,1872821.592,11.5,5.5,2,40.0,0.0,5,,,,,,,"1,359","1,368",82.54,2.06,us-101,1118847371.3,1359.0,82.54000000000008,34.96,5.039999999999999,2.063500000000002,16.376984126984144,False,False,False,False,732.72,False,lane_change,17.51299999999992
1365,3924,507,1118847371300,40.529,737.147,6451629.561,1872840.488,15.0,4.9,2,30.0,0.02,4,,,,,,,"1,360","1,386",76.9,2.56,us-101,1118847371.3,1360.0,76.904,29.94,0.05999999999999872,2.5634666666666663,1281.7333333333606,False,False,False,False,732.72,False,lane_change,4.427000000000021
1366,3924,583,1118847371300,6.596,766.047,6451673.675,1872846.914,15.0,4.9,2,17.41,1.35,1,,,,,,,"1,358","1,370",44.78,2.57,us-101,1118847371.3,1358.0,44.77800000000002,19.6,-2.1900000000000013,2.571970132107985,inf,False,False,False,False,732.72,False,lane_change,33.327
1367,3924,528,1118847371300,19.219,747.513,6451651.41,1872849.664,17.0,5.9,2,25.0,0.0,2,,,,,,,"1,361","1,373",49.15,1.97,us-101,1118847371.3,1361.0,49.15499999999997,27.93,-2.9299999999999997,1.9661999999999988,inf,False,False,False,True,732.72,False,lane_change,14.793000000000006
1368,3924,476,1118847371300,53.256,659.226,6451562.609,1872882.332,10.5,5.0,2,49.98,0.25,5,,,,,,,"1,364","1,387",91.01,1.82,us-101,1118847371.3,1364.0,91.00699999999995,40.0,9.979999999999997,1.8208683473389347,9.1189378757515,False,False,False,True,732.72,False,lane_change,-73.49400000000003
1369,3924,563,1118847371300,29.976,705.079,6451612.425,1872869.576,13.5,5.4,2,25.0,0.0,3,,,,,,,"1,363","1,372",64.0,2.56,us-101,1118847371.3,1363.0,63.996000000000095,30.0,-5.0,2.559840000000004,inf,False,False,False,False,732.72,False,lane_change,-27.641000000000076
1370,3924,583,1118847371300,9.626,721.448,6451638.155,1872874.066,14.5,4.9,2,10.0,-0.17,1,,,,,,,"1,366","1,389",44.6,4.46,us-101,1118847371.3,1366.0,44.599000000000046,17.41,-7.41,4.459900000000005,inf,False,False,False,False,732.72,False,lane_change,-11.272000000000048
1372,3924,545,1118847371300,31.122,642.087,6451564.329,1872910.276,13.0,5.9,2,29.97,0.05,3,,,,,,,"1,369","1,390",62.99,2.1,us-101,1118847371.3,1369.0,62.99199999999996,25.0,4.969999999999999,2.101835168501834,12.674446680080479,False,False,False,False,732.72,False,lane_change,-90.63300000000004
1373,3924,517,1118847371300,19.337,679.565,6451600.267,1872894.407,12.0,5.5,2,16.0,-1.1,2,,,,,,,"1,367","1,388",67.95,4.25,us-101,1118847371.3,1367.0,67.94799999999998,25.0,-9.0,4.246749999999999,inf,False,False,False,False,732.72,False,lane_change,-53.15499999999997
1388,3924,555,1118847371300,18.154,636.497,6451568.69,1872923.704,14.0,5.4,2,19.63,2.55,2,,,,,,,"1,373","1,394",43.07,2.19,us-101,1118847371.3,1373.0,43.0680000000001,16.0,3.629999999999999,2.1939887926642943,11.864462809917386,False,False,False,False,732.72,False,lane_change,-96.22300000000007
1389,3924,591,1118847371300,7.682,672.477,6451602.604,1872907.864,14.0,5.4,2,0.0,0.0,1,,,,,,,"1,370","1,397",48.97,"9,999.99",us-101,1118847371.3,1370.0,48.971000000000004,10.0,-10.0,,inf,False,False,False,False,732.72,False,lane_change,-60.24300000000005
1397,3924,615,1118847371300,7.857,651.91,6451587.071,1872921.268,15.5,5.4,2,3.63,-10.69,1,,,,,,,"1,389","1,404",20.57,5.67,us-101,1118847371.3,1389.0,20.567000000000007,0.0,3.63,5.665840220385677,5.665840220385677,False,True,False,False,732.72,False,lane_change,-80.81000000000006
1354,3925,568,1118847371400,29.835,828.313,6451705.072,1872788.363,17.0,5.4,2,30.28,-3.35,3,,,,,,,"1,350","1,363",49.97,1.65,us-101,1118847371.4,1350.0,49.96600000000001,35.03,-4.75,1.6501321003963014,inf,False,True,False,True,738.994,False,lane_change,89.31899999999996
1358,3925,584,1118847371400,5.783,812.779,6451709.298,1872816.679,9.5,8.0,2,19.66,1.0,1,,,,,,,"1,348","1,366",71.59,3.64,us-101,1118847371.4,1348.0,71.58600000000001,26.36,-6.699999999999999,3.6412004069175996,inf,False,False,False,False,738.994,False,lane_change,73.78499999999997
1359,3925,504,1118847371400,52.542,836.273,6451696.05,1872766.057,11.5,4.5,2,34.93,-0.48,5,,,,,,,"1,352","1,364",36.95,1.06,us-101,1118847371.4,1352.0,36.948999999999955,29.97,4.960000000000001,1.0578013169195521,7.449395161290313,False,False,False,True,738.994,False,lane_change,97.279
1360,3925,506,1118847371400,42.436,817.047,6451688.29,1872786.343,11.0,5.5,2,29.97,0.27,4,,,,,,,"1,351","1,365",50.19,1.67,us-101,1118847371.4,1351.0,50.188999999999965,30.1,-0.13000000000000256,1.6746413079746403,inf,False,False,False,True,738.994,False,lane_change,78.053
1361,3925,529,1118847371400,19.074,799.502,6451690.558,1872815.463,16.5,5.4,2,28.16,0.52,2,,,,,,,"1,353","1,367",58.53,2.08,us-101,1118847371.4,1353.0,58.52800000000002,27.5,0.6600000000000001,2.0784090909090915,88.67878787878789,False,False,False,False,738.994,False,lane_change,60.507999999999925
1362,3925,280,1118847371400,61.577,738.994,6451617.043,1872823.47,15.0,4.9,2,62.32,-3.44,6,,,,,,,"1,349",0,205.83,3.3,us-101,1118847371.4,1349.0,205.827,61.37,0.9500000000000028,3.3027439024390244,216.65999999999934,False,True,False,False,738.994,True,lane_change,0.0
1363,3925,567,1118847371400,29.303,772.073,6451663.215,1872825.881,13.5,5.9,2,30.02,0.25,3,,,,,,,"1,354","1,369",56.24,1.87,us-101,1118847371.4,1354.0,56.24000000000001,30.28,-0.26000000000000156,1.8734177215189878,inf,False,False,False,True,738.994,False,lane_change,33.07899999999995
1364,3925,507,1118847371400,54.161,754.233,6451633.407,1872818.972,11.5,5.5,2,40.0,0.0,5,,,,,,,"1,359","1,368",82.04,2.05,us-101,1118847371.4,1359.0,82.04000000000008,34.93,5.07,2.051000000000002,16.181459566074967,False,False,False,False,738.994,False,lane_change,15.238999999999919
1365,3925,507,1118847371400,40.51,740.147,6451631.828,1872838.523,15.0,4.9,2,30.0,0.06,4,,,,,,,"1,360","1,386",76.9,2.56,us-101,1118847371.4,1360.0,76.89999999999998,29.97,0.030000000000001137,2.5633333333333326,2563.3333333332353,False,False,False,False,738.994,False,lane_change,1.15300000000002
1366,3925,583,1118847371400,6.585,767.806,6451675.001,1872845.764,15.0,4.9,2,17.5,-0.14,1,,,,,,,"1,358","1,370",44.97,2.57,us-101,1118847371.4,1358.0,44.972999999999956,19.66,-2.16,2.5698857142857117,inf,False,False,False,False,738.994,False,lane_change,28.812000000000012
1367,3925,528,1118847371400,19.203,750.013,6451653.299,1872848.026,17.0,5.9,2,25.0,0.0,2,,,,,,,"1,361","1,373",49.49,1.98,us-101,1118847371.4,1361.0,49.48899999999992,28.16,-3.16,1.9795599999999967,inf,False,False,False,True,738.994,False,lane_change,11.019000000000005
1368,3925,476,1118847371400,53.224,664.228,6451566.388,1872879.057,10.5,5.0,2,50.0,0.0,5,,,,,,,"1,364","1,387",90.0,1.8,us-101,1118847371.4,1364.0,90.005,40.0,10.0,1.8000999999999998,9.000499999999999,False,False,False,True,738.994,False,lane_change,-74.76600000000008
1369,3925,563,1118847371400,29.959,707.579,6451614.315,1872867.939,13.5,5.4,2,25.0,0.0,3,,,,,,,"1,363","1,372",64.49,2.58,us-101,1118847371.4,1363.0,64.49400000000003,30.02,-5.02,2.579760000000001,inf,False,False,False,False,738.994,False,lane_change,-31.415000000000077
1370,3925,583,1118847371400,9.619,722.435,6451638.911,1872873.411,14.5,4.9,2,10.11,1.8,1,,,,,,,"1,366","1,389",45.37,4.49,us-101,1118847371.4,1366.0,45.371000000000095,17.5,-7.390000000000001,4.487734915924836,inf,False,False,False,False,738.994,False,lane_change,-16.559000000000083
1372,3925,545,1118847371400,31.103,645.082,6451566.596,1872908.311,13.0,5.9,2,29.98,0.24,3,,,,,,,"1,369","1,390",62.5,2.08,us-101,1118847371.4,1369.0,62.49699999999996,25.0,4.98,2.084623082054702,12.549598393574287,False,False,False,False,738.994,False,lane_change,-93.91200000000003
1373,3925,517,1118847371400,19.424,681.135,6451601.399,1872893.297,12.0,5.5,2,16.07,2.51,2,,,,,,,"1,367","1,388",68.88,4.29,us-101,1118847371.4,1367.0,68.87800000000004,25.0,-8.93,4.286123210952087,inf,False,False,False,False,738.994,False,lane_change,-57.85900000000004
1389,3925,591,1118847371400,7.682,672.477,6451602.604,1872907.864,14.0,5.4,2,0.0,0.0,1,,,,,,,"1,370","1,397",49.96,"9,999.99",us-101,1118847371.4,1370.0,49.95799999999997,10.11,-10.11,,inf,False,False,False,False,738.994,False,lane_change,-66.51700000000005
1397,3925,615,1118847371400,7.878,652.22,6451587.3,1872921.039,15.5,5.4,2,2.52,-11.2,1,,,,,,,"1,389","1,404",20.26,8.04,us-101,1118847371.4,1389.0,20.256999999999948,0.0,2.52,8.038492063492043,8.038492063492043,False,True,False,False,738.994,False,lane_change,-86.774
1354,3926,568,1118847371500,29.771,831.312,6451707.361,1872786.434,17.0,5.4,2,30.03,-1.52,3,,,,,,,"1,350","1,363",50.47,1.68,us-101,1118847371.5,1350.0,50.47199999999998,35.02,-4.990000000000002,1.68071928071928,inf,False,False,False,True,745.246,False,lane_change,86.06600000000003
1358,3926,584,1118847371500,5.726,814.733,6451710.816,1872815.42,9.5,8.0,2,19.92,3.72,1,,,,,,,"1,348","1,366",72.32,3.63,us-101,1118847371.5,1348.0,72.32400000000007,27.5,-7.579999999999998,3.6307228915662684,inf,False,False,False,False,745.246,False,lane_change,69.48699999999997
1359,3926,504,1118847371500,52.468,839.772,6451698.726,1872763.802,11.5,4.5,2,34.81,-1.88,5,,,,,,,"1,352","1,364",36.44,1.05,us-101,1118847371.5,1352.0,36.444999999999936,29.98,4.830000000000002,1.0469692617064044,7.54554865424429,False,False,False,True,745.246,False,lane_change,94.52600000000007
1360,3926,506,1118847371500,42.378,820.05,6451690.578,1872784.407,11.0,5.5,2,29.94,-0.53,4,,,,,,,"1,351","1,365",50.18,1.68,us-101,1118847371.5,1351.0,50.17900000000009,30.53,-0.5899999999999999,1.6759853039412187,inf,False,False,False,True,745.246,False,lane_change,74.80399999999997
1361,3926,529,1118847371500,19.028,802.332,6451692.707,1872813.633,16.5,5.4,2,28.16,-1.0,2,,,,,,,"1,353","1,367",58.51,2.08,us-101,1118847371.5,1353.0,58.50700000000006,28.64,-0.4800000000000004,2.0776633522727295,inf,False,False,False,False,745.246,False,lane_change,57.08600000000001
1362,3926,280,1118847371500,61.89,745.246,6451621.56,1872819.087,15.0,4.9,2,61.67,-9.18,6,,,,,,,"1,349","1,371",205.76,3.34,us-101,1118847371.5,1349.0,205.765,62.39,-0.7199999999999989,3.3365493757094207,inf,False,True,False,False,745.246,True,lane_change,0.0
1363,3926,567,1118847371500,29.284,775.076,6451665.482,1872823.916,13.5,5.9,2,30.04,0.31,3,,,,,,,"1,354","1,369",56.24,1.87,us-101,1118847371.5,1354.0,56.23599999999999,30.03,0.00999999999999801,1.8720372836218373,5623.600000001118,False,False,False,True,745.246,False,lane_change,29.83000000000004
1364,3926,507,1118847371500,54.135,758.233,6451636.43,1872816.352,11.5,5.5,2,40.0,0.0,5,,,,,,,"1,359","1,368",81.54,2.04,us-101,1118847371.5,1359.0,81.5390000000001,34.81,5.189999999999998,2.0384750000000027,15.710789980732203,False,False,False,False,745.246,False,lane_change,12.986999999999966
1365,3926,507,1118847371500,40.491,743.149,6451634.095,1872836.558,15.0,4.9,2,30.0,-0.15,4,,,,,,,"1,360","1,386",76.9,2.56,us-101,1118847371.5,1360.0,76.90099999999995,29.94,0.05999999999999872,2.5633666666666652,1281.6833333333598,False,False,False,False,745.246,False,lane_change,-2.09699999999998
1366,3926,583,1118847371500,6.574,769.547,6451676.319,1872844.621,15.0,4.9,2,17.59,1.35,1,,,,,,,"1,358","1,370",45.19,2.57,us-101,1118847371.5,1358.0,45.18599999999992,19.92,-2.330000000000002,2.5688459351904447,inf,False,False,False,False,745.246,False,lane_change,24.301000000000045
1367,3926,528,1118847371500,19.187,752.513,6451655.188,1872846.389,17.0,5.9,2,25.0,0.0,2,,,,,,,"1,361","1,373",49.82,1.99,us-101,1118847371.5,1361.0,49.81899999999996,28.16,-3.16,1.9927599999999983,inf,False,False,False,True,745.246,False,lane_change,7.267000000000053
1368,3926,476,1118847371500,53.192,669.228,6451570.166,1872875.782,10.5,5.0,2,50.0,0.0,5,,,,,,,"1,364","1,387",89.0,1.78,us-101,1118847371.5,1364.0,89.005,40.0,10.0,1.7801,8.9005,False,False,False,True,745.246,False,lane_change,-76.01800000000003
1369,3926,563,1118847371500,29.943,710.079,6451616.204,1872866.301,13.5,5.4,2,25.0,0.0,3,,,,,,,"1,363","1,372",65.0,2.6,us-101,1118847371.5,1363.0,64.99700000000007,30.04,-5.039999999999999,2.599880000000003,inf,False,False,False,False,745.246,False,lane_change,-35.16700000000003
1370,3926,583,1118847371500,9.614,723.426,6451639.644,1872872.775,14.5,4.9,2,10.53,6.28,1,,,,,,,"1,366","1,389",46.12,4.38,us-101,1118847371.5,1366.0,46.12099999999998,17.59,-7.0600000000000005,4.379962013295345,inf,False,False,False,False,745.246,False,lane_change,-21.819999999999936
1372,3926,545,1118847371500,31.084,648.084,6451568.863,1872906.346,13.0,5.9,2,30.0,0.0,3,,,,,,,"1,369","1,390",62.0,2.07,us-101,1118847371.5,1369.0,61.995000000000005,25.0,5.0,2.0665,12.399000000000001,False,False,False,False,745.246,False,lane_change,-97.16200000000003
1373,3926,517,1118847371500,19.531,682.732,6451602.517,1872892.173,12.0,5.5,2,16.5,5.96,2,,,,,,,"1,367","1,388",69.78,4.23,us-101,1118847371.5,1367.0,69.78100000000006,25.0,-8.5,4.229151515151519,inf,False,False,False,False,745.246,False,lane_change,-62.51400000000001
1389,3926,591,1118847371500,7.682,672.477,6451602.604,1872907.864,14.0,5.4,2,0.0,0.0,1,,,,,,,"1,370","1,397",50.95,"9,999.99",us-101,1118847371.5,1370.0,50.94900000000007,10.53,-10.53,,inf,False,False,False,False,745.246,False,lane_change,-72.769
1397,3926,615,1118847371500,7.855,652.41,6451587.448,1872920.94,15.5,5.4,2,1.42,-10.22,1,,,,,,,"1,389","1,404",20.07,14.13,us-101,1118847371.5,1389.0,20.067000000000007,0.0,1.42,14.131690140845077,14.131690140845077,False,True,False,False,745.246,False,lane_change,-92.83600000000001
1354,3927,568,1118847371600,29.678,834.298,6451709.672,1872784.526,17.0,5.4,2,29.93,-0.25,3,,,,,,,"1,350","1,363",50.98,1.7,us-101,1118847371.6,1350.0,50.98400000000004,35.0,-5.07,1.7034413631807563,inf,False,False,False,True,751.363,False,lane_change,82.93499999999995
1358,3927,584,1118847371600,5.668,816.724,6451712.316,1872814.177,9.5,8.0,2,20.44,6.75,1,,,,,,,"1,348","1,366",73.14,3.58,us-101,1118847371.6,1348.0,73.14099999999996,28.64,-8.2,3.578326810176123,inf,False,False,False,False,751.363,False,lane_change,65.36099999999999
1359,3927,504,1118847371600,52.375,843.253,6451701.411,1872761.564,11.5,4.5,2,34.55,-3.28,5,,,,,,,"1,352","1,364",35.97,1.04,us-101,1118847371.6,1352.0,35.96600000000001,30.0,4.549999999999997,1.0409840810419684,7.904615384615392,False,True,False,True,751.363,False,lane_change,91.88999999999999
1360,3927,506,1118847371600,42.295,823.05,6451692.895,1872782.48,11.0,5.5,2,29.82,-1.87,4,,,,,,,"1,351","1,365",50.23,1.68,us-101,1118847371.6,1351.0,50.23400000000004,31.37,-1.5500000000000007,1.684574111334676,inf,False,False,False,True,751.363,False,lane_change,71.6869999999999
1361,3927,529,1118847371600,18.953,805.141,6451694.862,1872811.837,16.5,5.4,2,28.09,-0.58,2,,,,,,,"1,353","1,367",58.64,2.09,us-101,1118847371.6,1353.0,58.64300000000003,29.47,-1.379999999999999,2.0876824492702037,inf,False,False,False,False,751.363,False,lane_change,53.777999999999906
1362,3927,280,1118847371600,62.27,751.363,6451625.946,1872814.731,15.0,4.9,2,60.49,-11.2,6,,,,,,,"1,349","1,371",205.98,3.41,us-101,1118847371.6,1349.0,205.98299999999995,63.04,-2.549999999999997,3.4052405356257225,inf,False,True,False,False,751.363,True,lane_change,0.0
1363,3927,567,1118847371600,29.265,778.083,6451667.749,1872821.951,13.5,5.9,2,30.05,0.07,3,,,,,,,"1,354","1,369",56.21,1.87,us-101,1118847371.6,1354.0,56.21500000000003,29.93,0.120000000000001,1.8707154742096517,468.45833333332973,False,False,False,True,751.363,False,lane_change,26.719999999999914
1364,3927,507,1118847371600,54.11,762.233,6451639.452,1872813.732,11.5,5.5,2,40.0,0.0,5,,,,,,,"1,359","1,368",81.02,2.03,us-101,1118847371.6,1359.0,81.0200000000001,34.55,5.450000000000003,2.0255000000000023,14.866055045871569,False,False,False,False,751.363,False,lane_change,10.86999999999989
1365,3927,507,1118847371600,40.472,746.148,6451636.362,1872834.593,15.0,4.9,2,29.98,-0.25,4,,,,,,,"1,360","1,386",76.9,2.57,us-101,1118847371.6,1360.0,76.90199999999993,29.82,0.16000000000000014,2.5651100733822525,480.63749999999914,False,False,False,False,751.363,False,lane_change,-5.215000000000032
1366,3927,583,1118847371600,6.563,771.293,6451677.623,1872843.491,15.0,4.9,2,17.88,4.4,1,,,,,,,"1,358","1,370",45.43,2.54,us-101,1118847371.6,1358.0,45.43100000000004,20.44,-2.5600000000000023,2.5408836689038057,inf,False,False,False,False,751.363,False,lane_change,19.92999999999995
1367,3927,528,1118847371600,19.172,755.014,6451657.077,1872844.751,17.0,5.9,2,24.98,-0.24,2,,,,,,,"1,361","1,373",50.13,2.01,us-101,1118847371.6,1361.0,50.12699999999995,28.09,-3.1099999999999994,2.006685348278621,inf,False,False,False,False,751.363,False,lane_change,3.6509999999999536
1368,3927,476,1118847371600,53.161,674.228,6451573.944,1872872.507,10.5,5.0,2,50.0,0.0,5,,,,,,,"1,364","1,387",88.0,1.76,us-101,1118847371.6,1364.0,88.005,40.0,10.0,1.7601,8.8005,False,False,False,True,751.363,False,lane_change,-77.1350000000001
1369,3927,563,1118847371600,29.927,712.58,6451618.093,1872864.664,13.5,5.4,2,25.0,0.0,3,,,,,,,"1,363","1,372",65.5,2.62,us-101,1118847371.6,1363.0,65.50299999999993,30.05,-5.050000000000001,2.6201199999999973,inf,False,False,False,False,751.363,False,lane_change,-38.783000000000015
1370,3927,583,1118847371600,9.566,724.481,6451640.462,1872872.121,14.5,4.9,2,11.37,10.71,1,,,,,,,"1,366","1,389",46.81,4.12,us-101,1118847371.6,1366.0,46.81200000000001,17.88,-6.51,4.117150395778365,inf,False,False,False,False,751.363,False,lane_change,-26.882000000000062
1373,3927,517,1118847371600,19.562,684.392,6451603.746,1872891.053,12.0,5.5,2,17.22,8.77,2,,,,,,,"1,367","1,388",70.62,4.1,us-101,1118847371.6,1367.0,70.62199999999996,24.98,-7.760000000000002,4.1011614401858285,inf,False,False,False,False,751.363,False,lane_change,-66.971
1389,3927,591,1118847371600,7.682,672.477,6451602.582,1872907.883,14.0,5.4,2,0.0,0.0,1,,,,,,,"1,370","1,397",52.0,"9,999.99",us-101,1118847371.6,1370.0,52.00400000000002,11.37,-11.37,,inf,False,False,False,False,751.363,False,lane_change,-78.88600000000008
1397,3927,615,1118847371600,7.813,652.474,6451587.51,1872920.941,15.5,5.4,2,0.61,-6.04,1,,,,,,,"1,389","1,404",20.0,32.79,us-101,1118847371.6,1389.0,20.00299999999993,0.0,0.61,32.791803278688405,32.791803278688405,False,True,False,False,751.363,False,lane_change,-98.88900000000001
1354,3928,568,1118847371700,29.58,837.286,6451711.977,1872782.628,17.0,5.4,2,29.93,0.25,3,,,,,,,"1,350","1,363",51.5,1.72,us-101,1118847371.7,1350.0,51.496000000000095,35.0,-5.07,1.7205479452054826,inf,False,False,False,True,757.328,False,lane_change,79.95799999999997
1358,3928,584,1118847371700,5.621,818.8,6451713.908,1872812.839,9.5,8.0,2,21.06,6.75,1,,,,,,,"1,348","1,366",74.01,3.51,us-101,1118847371.7,1348.0,74.01100000000008,29.47,-8.41,3.514292497625835,inf,False,False,False,False,757.328,False,lane_change,61.47199999999998
1359,3928,504,1118847371700,52.409,846.696,6451703.961,1872759.275,11.5,4.5,2,34.2,-3.88,5,,,,,,,"1,352","1,364",35.52,1.04,us-101,1118847371.7,1352.0,35.523000000000025,30.0,4.200000000000003,1.0386842105263163,8.457857142857144,False,True,False,True,757.328,False,lane_change,89.36800000000005
1360,3928,506,1118847371700,42.276,826.029,6451695.147,1872780.524,11.0,5.5,2,29.6,-2.78,4,,,,,,,"1,351","1,365",50.45,1.7,us-101,1118847371.7,1351.0,50.447,32.5,-2.8999999999999986,1.7042905405405406,inf,False,False,False,True,757.328,False,lane_change,68.70100000000002
1361,3928,529,1118847371700,18.868,807.938,6451697.018,1872810.054,16.5,5.4,2,28.09,0.58,2,,,,,,,"1,353","1,367",58.85,2.1,us-101,1118847371.7,1353.0,58.853000000000065,29.9,-1.8099999999999987,2.095158419366325,inf,False,False,False,False,757.328,False,lane_change,50.610000000000014
1362,3928,280,1118847371700,62.608,757.328,6451630.217,1872810.532,15.0,4.9,2,58.91,-11.2,6,,,,,,,"1,349","1,371",206.41,3.5,us-101,1118847371.7,1349.0,206.40600000000006,62.92,-4.010000000000005,3.503751485316586,inf,False,True,False,False,757.328,True,lane_change,0.0
1363,3928,567,1118847371700,29.245,781.083,6451670.016,1872819.986,13.5,5.9,2,30.12,0.86,3,,,,,,,"1,354","1,369",56.2,1.87,us-101,1118847371.7,1354.0,56.202999999999975,29.93,0.19000000000000128,1.8659694555112873,295.8052631578926,False,False,False,True,757.328,False,lane_change,23.754999999999995
1364,3928,507,1118847371700,54.085,766.233,6451642.475,1872811.112,11.5,5.5,2,40.0,0.0,5,,,,,,,"1,359","1,368",80.46,2.01,us-101,1118847371.7,1359.0,80.46300000000008,34.2,5.799999999999997,2.011575000000002,13.872931034482779,False,False,False,False,757.328,False,lane_change,8.904999999999973
1365,3928,507,1118847371700,40.447,749.136,6451638.636,1872832.63,15.0,4.9,2,30.04,1.08,4,,,,,,,"1,360","1,386",76.89,2.56,us-101,1118847371.7,1360.0,76.89300000000003,29.6,0.4399999999999977,2.55968708388815,174.75681818181914,False,False,False,False,757.328,False,lane_change,-8.192000000000007
1366,3928,583,1118847371700,6.535,773.085,6451678.989,1872842.329,15.0,4.9,2,18.42,6.83,1,,,,,,,"1,358","1,370",45.72,2.48,us-101,1118847371.7,1358.0,45.71499999999992,21.06,-2.639999999999997,2.4818132464712224,inf,False,False,False,False,757.328,False,lane_change,15.757000000000062
1367,3928,528,1118847371700,19.156,757.51,6451658.966,1872843.114,17.0,5.9,2,24.97,-0.07,2,,,,,,,"1,361","1,373",50.43,2.02,us-101,1118847371.7,1361.0,50.428,28.09,-3.120000000000001,2.019543452142571,inf,False,False,False,False,757.328,False,lane_change,0.18200000000001637
1368,3928,476,1118847371700,53.129,679.227,6451577.722,1872869.232,10.5,5.0,2,50.0,0.0,5,,,,,,,"1,364","1,387",87.01,1.74,us-101,1118847371.7,1364.0,87.00599999999997,40.0,10.0,1.7401199999999994,8.700599999999998,False,False,False,True,757.328,False,lane_change,-78.101
1369,3928,563,1118847371700,29.912,715.079,6451619.982,1872863.026,13.5,5.4,2,25.0,0.0,3,,,,,,,"1,363","1,372",66.0,2.64,us-101,1118847371.7,1363.0,66.00400000000002,30.12,-5.120000000000001,2.6401600000000007,inf,False,False,False,False,757.328,False,lane_change,-42.249000000000024
1370,3928,583,1118847371700,9.536,725.673,6451641.366,1872871.367,14.5,4.9,2,12.5,11.2,1,,,,,,,"1,366","1,389",47.41,3.79,us-101,1118847371.7,1366.0,47.412000000000035,18.42,-5.920000000000002,3.7929600000000026,inf,False,False,False,False,757.328,False,lane_change,-31.654999999999973
1373,3928,517,1118847371700,19.574,686.149,6451605.058,1872889.885,12.0,5.5,2,18.14,9.9,2,,,,,,,"1,367","1,388",71.36,3.93,us-101,1118847371.7,1367.0,71.36099999999999,24.97,-6.829999999999998,3.933902976846747,inf,False,False,False,False,757.328,False,lane_change,-71.17899999999997
1389,3928,591,1118847371700,7.666,672.483,6451602.628,1872907.865,14.0,5.4,2,0.82,6.72,1,,,,,,,"1,370","1,397",53.19,64.87,us-101,1118847371.7,1370.0,53.190000000000055,12.5,-11.68,64.86585365853665,inf,False,False,False,False,757.328,False,lane_change,-84.84500000000003
1354,3929,568,1118847371800,29.555,840.28,6451714.241,1872780.67,17.0,5.4,2,29.96,0.38,3,,,,,,,"1,350","1,363",52.0,1.74,us-101,1118847371.8,1350.0,52.00300000000004,35.0,-5.039999999999999,1.7357476635514033,inf,False,False,False,True,763.143,False,lane_change,77.13699999999994
1358,3929,584,1118847371800,5.62,820.969,6451715.545,1872811.401,9.5,8.0,2,21.46,2.01,1,,,,,,,"1,348","1,366",74.85,3.49,us-101,1118847371.8,1348.0,74.84899999999993,29.9,-8.439999999999998,3.4878378378378345,inf,False,False,False,False,763.143,False,lane_change,57.82600000000002
1359,3929,504,1118847371800,52.503,850.09,6451706.469,1872756.944,11.5,4.5,2,33.9,-2.6,5,,,,,,,"1,352","1,364",35.13,1.04,us-101,1118847371.8,1352.0,35.12900000000002,30.0,3.8999999999999986,1.0362536873156347,9.007435897435906,False,False,False,True,763.143,False,lane_change,86.947
1360,3929,506,1118847371800,42.285,828.983,6451697.345,1872778.579,11.0,5.5,2,29.26,-3.82,4,,,,,,,"1,351","1,365",50.8,1.74,us-101,1118847371.8,1351.0,50.801000000000045,33.64,-4.379999999999999,1.7361927546138087,inf,False,True,False,True,763.143,False,lane_change,65.83999999999992
1361,3929,529,1118847371800,18.793,810.747,6451699.173,1872808.258,16.5,5.4,2,28.16,1.04,2,,,,,,,"1,353","1,367",59.06,2.1,us-101,1118847371.8,1353.0,59.061000000000035,30.03,-1.870000000000001,2.097336647727274,inf,False,False,False,False,763.143,False,lane_change,47.60399999999993
1362,3929,280,1118847371800,62.895,763.143,6451634.393,1872806.483,15.0,4.9,2,57.3,-11.2,6,,,,,,,"1,349","1,371",206.88,3.61,us-101,1118847371.8,1349.0,206.88299999999992,62.07,-4.770000000000003,3.610523560209423,inf,False,True,False,False,763.143,True,lane_change,0.0
1363,3929,567,1118847371800,29.225,784.085,6451672.268,1872818.032,13.5,5.9,2,30.35,3.27,3,,,,,,,"1,354","1,369",56.2,1.85,us-101,1118847371.8,1354.0,56.194999999999936,29.96,0.39000000000000057,1.8515650741350884,144.08974358974322,False,False,False,True,763.143,False,lane_change,20.942000000000007
1364,3929,507,1118847371800,54.06,770.23,6451645.497,1872808.492,11.5,5.5,2,40.03,0.48,5,,,,,,,"1,359","1,368",79.86,2,us-101,1118847371.8,1359.0,79.86000000000001,33.9,6.130000000000003,1.995003747189608,13.027732463295266,False,False,False,True,763.143,False,lane_change,7.086999999999989
1365,3929,507,1118847371800,40.443,752.127,6451640.875,1872830.67,15.0,4.9,2,30.31,4.04,4,,,,,,,"1,360","1,386",76.86,2.54,us-101,1118847371.8,1360.0,76.856,29.26,1.0499999999999972,2.5356647970966675,73.19619047619067,False,False,False,False,763.143,False,lane_change,-11.016000000000076
1366,3929,583,1118847371800,6.523,774.96,6451680.407,1872841.1,15.0,4.9,2,19.08,6.87,1,,,,,,,"1,358","1,370",46.01,2.41,us-101,1118847371.8,1358.0,46.009000000000015,21.46,-2.3800000000000026,2.41137316561845,inf,False,False,False,False,763.143,False,lane_change,11.817000000000007
1367,3929,528,1118847371800,19.14,759.996,6451660.855,1872841.476,17.0,5.9,2,25.08,1.69,2,,,,,,,"1,361","1,373",50.75,2.02,us-101,1118847371.8,1361.0,50.750999999999976,28.16,-3.080000000000002,2.0235645933014346,inf,False,False,False,False,763.143,False,lane_change,-3.147000000000048
1368,3929,476,1118847371800,53.098,684.227,6451581.5,1872865.957,10.5,5.0,2,50.0,0.0,5,,,,,,,"1,364","1,387",86.0,1.72,us-101,1118847371.8,1364.0,86.00300000000004,40.03,9.969999999999999,1.7200600000000008,8.626178535606826,False,False,False,True,763.143,False,lane_change,-78.91600000000005
1369,3929,563,1118847371800,29.896,717.579,6451621.871,1872861.389,13.5,5.4,2,25.0,0.0,3,,,,,,,"1,363","1,372",66.51,2.66,us-101,1118847371.8,1363.0,66.50600000000009,30.35,-5.350000000000001,2.6602400000000035,inf,False,False,False,False,763.143,False,lane_change,-45.56400000000008
1370,3929,583,1118847371800,9.55,726.981,6451642.351,1872870.483,14.5,4.9,2,13.64,10.69,1,,,,,,,"1,366","1,389",47.98,3.52,us-101,1118847371.8,1366.0,47.97900000000004,19.08,-5.439999999999998,3.5175219941349,inf,False,False,False,False,763.143,False,lane_change,-36.162000000000035
1373,3929,517,1118847371800,19.585,688.023,6451606.451,1872888.648,12.0,5.5,2,19.02,8.23,2,,,,,,,"1,367","1,388",71.97,3.78,us-101,1118847371.8,1367.0,71.97299999999996,25.08,-6.059999999999999,3.7840694006309126,inf,False,False,False,False,763.143,False,lane_change,-75.12
1389,3929,591,1118847371800,7.664,672.582,6451602.722,1872907.785,14.0,5.4,2,1.57,8.85,1,,,,,,,"1,370","1,397",54.4,34.65,us-101,1118847371.8,1370.0,54.399,13.64,-12.07,34.64904458598726,inf,False,False,False,False,763.143,False,lane_change,-90.56100000000004
1354,3930,568,1118847371900,29.585,843.278,6451716.476,1872778.664,17.0,5.4,2,29.99,0.24,3,,,,,,,"1,350","1,363",52.5,1.75,us-101,1118847371.9,1350.0,52.504999999999995,35.0,-5.010000000000002,1.7507502500833612,inf,False,False,False,True,768.808,False,lane_change,74.47000000000003
1358,3930,584,1118847371900,5.543,823.164,6451717.269,1872809.987,9.5,8.0,2,21.38,-3.91,1,,,,,,,"1,348","1,366",75.67,3.54,us-101,1118847371.9,1348.0,75.67200000000003,30.01,-8.630000000000003,3.5393826005612734,inf,False,True,False,False,768.808,False,lane_change,54.355999999999995
1359,3930,504,1118847371900,52.636,853.446,6451708.878,1872754.647,11.5,4.5,2,33.82,0.61,5,,,,,,,"1,352","1,364",34.77,1.03,us-101,1118847371.9,1352.0,34.773000000000025,30.0,3.8200000000000003,1.0281785925487885,9.102879581151837,False,False,False,True,768.808,False,lane_change,84.63800000000003
1360,3930,506,1118847371900,42.258,831.9,6451699.555,1872776.671,11.0,5.5,2,28.78,-5.53,4,,,,,,,"1,351","1,365",51.33,1.78,us-101,1118847371.9,1351.0,51.33000000000004,34.47,-5.689999999999998,1.783530229325922,inf,False,True,False,True,768.808,False,lane_change,63.091999999999985
1361,3930,529,1118847371900,18.748,813.579,6451701.322,1872806.428,16.5,5.4,2,28.15,-0.65,2,,,,,,,"1,353","1,367",59.23,2.1,us-101,1118847371.9,1353.0,59.23300000000006,30.02,-1.870000000000001,2.1041918294849045,inf,False,False,False,False,768.808,False,lane_change,44.77099999999996
1362,3930,280,1118847371900,63.167,768.808,6451638.417,1872802.589,15.0,4.9,2,56.07,-9.87,6,,,,,,,"1,349","1,371",207.36,3.7,us-101,1118847371.9,1349.0,207.36199999999997,61.05,-4.979999999999997,3.6982700196183336,inf,False,True,False,False,768.808,True,lane_change,0.0
1363,3930,567,1118847371900,29.187,787.115,6451674.559,1872816.067,13.5,5.9,2,30.82,6.45,3,,,,,,,"1,354","1,369",56.16,1.82,us-101,1118847371.9,1354.0,56.16300000000001,29.99,0.8300000000000018,1.8222907203114864,67.66626506024083,False,False,False,True,768.808,False,lane_change,18.307000000000016
1364,3930,507,1118847371900,54.034,774.233,6451648.52,1872805.872,11.5,5.5,2,40.1,0.92,5,,,,,,,"1,359","1,368",79.21,1.98,us-101,1118847371.9,1359.0,79.21300000000008,33.82,6.280000000000001,1.9753865336658374,12.613535031847144,False,False,False,True,768.808,False,lane_change,5.4249999999999545
1365,3930,507,1118847371900,40.427,755.157,6451643.152,1872828.692,15.0,4.9,2,30.85,7.09,4,,,,,,,"1,360","1,386",76.74,2.49,us-101,1118847371.9,1360.0,76.74299999999994,28.78,2.0700000000000003,2.4876175040518618,37.07391304347823,False,False,False,False,768.808,False,lane_change,-13.650999999999954
1366,3930,583,1118847371900,6.528,776.917,6451681.872,1872839.808,15.0,4.9,2,19.63,4.49,1,,,,,,,"1,358","1,370",46.25,2.36,us-101,1118847371.9,1358.0,46.24699999999996,21.38,-1.75,2.355934793683136,inf,False,False,False,False,768.808,False,lane_change,8.109000000000037
1367,3930,528,1118847371900,19.124,762.494,6451662.722,1872839.858,17.0,5.9,2,25.39,4.47,2,,,,,,,"1,361","1,373",51.09,2.01,us-101,1118847371.9,1361.0,51.08499999999992,28.15,-2.759999999999998,2.012012603387157,inf,False,False,False,False,768.808,False,lane_change,-6.3139999999999645
1368,3930,476,1118847371900,53.067,689.227,6451585.278,1872862.681,10.5,5.0,2,50.0,0.0,5,,,,,,,"1,364","1,387",85.01,1.7,us-101,1118847371.9,1364.0,85.00599999999997,40.1,9.899999999999999,1.7001199999999994,8.586464646464645,False,False,False,True,768.808,False,lane_change,-79.58100000000002
1369,3930,563,1118847371900,29.881,720.079,6451623.76,1872859.751,13.5,5.4,2,25.0,0.0,3,,,,,,,"1,363","1,372",67.04,2.68,us-101,1118847371.9,1363.0,67.03600000000006,30.82,-5.82,2.6814400000000025,inf,False,False,False,False,768.808,False,lane_change,-48.72900000000004
1370,3930,583,1118847371900,9.582,728.427,6451643.422,1872869.5,14.5,4.9,2,14.47,6.27,1,,,,,,,"1,366","1,389",48.49,3.35,us-101,1118847371.9,1366.0,48.49000000000001,19.63,-5.159999999999998,3.3510711817553562,inf,False,False,False,False,768.808,False,lane_change,-40.38099999999997
1373,3930,517,1118847371900,19.571,689.989,6451607.95,1872887.35,12.0,5.5,2,19.64,4.62,2,,,,,,,"1,367","1,388",72.5,3.69,us-101,1118847371.9,1367.0,72.505,25.39,-5.75,3.691700610997963,inf,False,False,False,False,768.808,False,lane_change,-78.81899999999996
1389,3930,591,1118847371900,7.66,672.781,6451602.874,1872907.656,14.0,5.4,2,2.45,9.04,1,,,,,,,"1,370","1,397",55.65,22.71,us-101,1118847371.9,1370.0,55.64600000000007,14.47,-12.02,22.71265306122452,inf,False,False,False,False,768.808,False,lane_change,-96.02700000000004
1354,3931,568,1118847372000,29.592,846.28,6451718.724,1872776.677,17.0,5.4,2,30.0,0.0,3,,,,,,,"1,350","1,363",53.01,1.77,us-101,1118847372.0,1350.0,53.013000000000034,34.9,-4.899999999999999,1.7671000000000012,inf,False,False,False,True,774.314,False,lane_change,71.96600000000001
1358,3931,584,1118847372000,5.46,825.29,6451718.926,1872808.64,9.5,8.0,2,21.03,-4.57,1,,,,,,,"1,348","1,366",76.55,3.64,us-101,1118847372.0,1348.0,76.548,29.97,-8.939999999999998,3.6399429386590585,inf,False,True,False,False,774.314,False,lane_change,50.976
1359,3931,504,1118847372000,52.683,856.808,6451711.378,1872752.386,11.5,4.5,2,34.04,4.05,5,,,,,,,"1,352","1,364",34.41,1.01,us-101,1118847372.0,1352.0,34.41100000000006,30.0,4.039999999999999,1.0108989424206833,8.517574257425759,False,False,False,True,774.314,False,lane_change,82.49400000000003
1360,3931,506,1118847372000,42.204,834.757,6451701.762,1872774.801,11.0,5.5,2,28.19,-6.57,4,,,,,,,"1,351","1,365",51.98,1.84,us-101,1118847372.0,1351.0,51.98000000000002,34.9,-6.709999999999997,1.8439162823696351,inf,False,True,False,True,774.314,False,lane_change,60.442999999999984
1361,3931,529,1118847372000,18.716,816.411,6451703.482,1872804.57,16.5,5.4,2,27.91,-3.88,2,,,,,,,"1,353","1,367",59.4,2.13,us-101,1118847372.0,1353.0,59.40000000000009,30.0,-2.09,2.1282694374776097,inf,False,True,False,False,774.314,False,lane_change,42.09699999999998
1362,3931,280,1118847372000,63.294,774.314,6451642.478,1872798.854,15.0,4.9,2,55.48,-2.06,6,,,,,,,"1,349","1,371",207.85,3.75,us-101,1118847372.0,1349.0,207.84699999999998,60.65,-5.170000000000002,3.7463410237923576,inf,False,False,False,False,774.314,True,lane_change,0.0
1363,3931,567,1118847372000,29.143,790.217,6451676.922,1872814.047,13.5,5.9,2,31.52,8.01,3,,,,,,,"1,354","1,369",56.06,1.78,us-101,1118847372.0,1354.0,56.06299999999999,30.0,1.5199999999999996,1.77864847715736,36.88355263157895,False,False,False,True,774.314,False,lane_change,15.90300000000002
1364,3931,507,1118847372000,54.009,778.251,6451651.542,1872803.252,11.5,5.5,2,40.14,0.3,5,,,,,,,"1,359","1,368",78.56,1.96,us-101,1118847372.0,1359.0,78.55700000000002,34.04,6.100000000000001,1.9570752366716495,12.878196721311475,False,False,False,True,774.314,False,lane_change,3.937000000000012
1365,3931,507,1118847372000,40.37,758.267,6451645.535,1872826.676,15.0,4.9,2,31.61,8.55,4,,,,,,,"1,360","1,386",76.49,2.42,us-101,1118847372.0,1360.0,76.4899999999999,28.19,3.419999999999998,2.4198038595381175,22.365497076023374,False,False,False,False,774.314,False,lane_change,-16.046999999999912
1366,3931,583,1118847372000,6.515,778.922,6451683.405,1872838.479,15.0,4.9,2,19.94,1.65,1,,,,,,,"1,358","1,370",46.37,2.33,us-101,1118847372.0,1358.0,46.36799999999994,21.03,-1.0899999999999999,2.325376128385152,inf,False,False,False,False,774.314,False,lane_change,4.608000000000061
1367,3931,528,1118847372000,19.092,765.048,6451664.657,1872838.202,17.0,5.9,2,25.85,5.44,2,,,,,,,"1,361","1,373",51.36,1.99,us-101,1118847372.0,1361.0,51.36299999999994,27.91,-2.0599999999999987,1.9869632495164387,inf,False,False,False,True,774.314,False,lane_change,-9.265999999999963
1368,3931,476,1118847372000,53.036,694.227,6451589.056,1872859.406,10.5,5.0,2,50.0,0.0,5,,,,,,,"1,364","1,387",84.02,1.68,us-101,1118847372.0,1364.0,84.024,40.14,9.86,1.68048,8.521703853955376,False,False,False,True,774.314,False,lane_change,-80.08699999999999
1369,3931,563,1118847372000,29.864,722.579,6451625.649,1872858.114,13.5,5.4,2,25.0,0.0,3,,,,,,,"1,363","1,372",67.64,2.71,us-101,1118847372.0,1363.0,67.63800000000003,31.52,-6.52,2.7055200000000013,inf,False,False,False,False,774.314,False,lane_change,-51.735000000000014
1370,3931,583,1118847372000,9.573,729.935,6451644.578,1872868.498,14.5,4.9,2,14.89,1.8,1,,,,,,,"1,366","1,389",48.99,3.29,us-101,1118847372.0,1366.0,48.98700000000008,19.94,-5.050000000000001,3.289926124916056,inf,False,False,False,False,774.314,False,lane_change,-44.37900000000002
1373,3931,517,1118847372000,19.546,692.0,6451609.49,1872886.031,12.0,5.5,2,19.96,1.22,2,,,,,,,"1,367","1,388",73.05,3.66,us-101,1118847372.0,1367.0,73.048,25.85,-5.890000000000001,3.6597194388777554,inf,False,False,False,False,774.314,False,lane_change,-82.31399999999996
1353,3932,514,1118847372100,17.182,878.811,6451751.346,1872764.509,11.5,5.5,2,30.0,0.0,2,,,,,,,"1,346","1,361",60.4,2.01,us-101,1118847372.1,1346.0,60.399,33.63,-3.6300000000000026,2.0133,inf,False,False,False,False,779.804,False,lane_change,99.00700000000006
1354,3932,568,1118847372100,29.599,849.281,6451720.972,1872774.69,17.0,5.4,2,30.0,-0.03,3,,,,,,,"1,350","1,363",53.5,1.78,us-101,1118847372.1,1350.0,53.502000000000066,34.69,-4.689999999999998,1.7834000000000023,inf,False,False,False,True,779.804,False,lane_change,69.47699999999998
1358,3932,584,1118847372100,5.316,827.334,6451720.547,1872807.405,9.5,8.0,2,20.94,1.47,1,,,,,,,"1,348","1,366",77.48,3.7,us-101,1118847372.1,1348.0,77.48400000000004,30.03,-9.09,3.700286532951291,inf,False,False,False,False,779.804,False,lane_change,47.52999999999997
1359,3932,504,1118847372100,52.68,860.226,6451713.922,1872750.151,11.5,4.5,2,34.44,4.75,5,,,,,,,"1,352","1,364",33.99,0.99,us-101,1118847372.1,1352.0,33.99300000000005,30.0,4.439999999999998,0.9870209059233466,7.656081081081097,False,False,False,True,779.804,False,lane_change,80.42200000000003
1360,3932,506,1118847372100,42.139,837.534,6451703.874,1872773.029,11.0,5.5,2,27.67,-4.78,4,,,,,,,"1,351","1,365",52.72,1.91,us-101,1118847372.1,1351.0,52.72000000000003,35.03,-7.359999999999999,1.905312612938201,inf,False,True,False,True,779.804,False,lane_change,57.73000000000002
1361,3932,529,1118847372100,18.692,819.199,6451705.608,1872802.732,16.5,5.4,2,27.44,-6.14,2,,,,,,,"1,353","1,367",59.61,2.17,us-101,1118847372.1,1353.0,59.61200000000008,30.0,-2.5599999999999987,2.1724489795918394,inf,False,True,False,False,779.804,False,lane_change,39.39499999999998
1362,3932,280,1118847372100,63.275,779.804,6451646.591,1872795.269,15.0,4.9,2,55.6,4.92,6,,,,,,,"1,349","1,371",208.36,3.75,us-101,1118847372.1,1349.0,208.35699999999997,61.17,-5.57,3.747428057553956,inf,False,False,False,False,779.804,True,lane_change,0.0
1363,3932,567,1118847372100,29.118,793.42,6451679.337,1872811.956,13.5,5.9,2,32.22,6.37,3,,,,,,,"1,354","1,369",55.86,1.73,us-101,1118847372.1,1354.0,55.86099999999999,30.0,2.219999999999999,1.7337368094351333,25.16261261261262,False,False,False,True,779.804,False,lane_change,13.615999999999985
1364,3932,507,1118847372100,53.985,782.274,6451654.566,1872800.628,11.5,5.5,2,40.1,-1.06,5,,,,,,,"1,359","1,368",77.95,1.94,us-101,1118847372.1,1359.0,77.952,34.44,5.660000000000004,1.943940149625935,13.77243816254416,False,False,False,True,779.804,False,lane_change,2.4700000000000273
1365,3932,507,1118847372100,40.292,761.477,6451647.998,1872824.617,15.0,4.9,2,32.4,7.57,4,,,,,,,"1,360","1,386",76.06,2.35,us-101,1118847372.1,1360.0,76.05700000000002,27.67,4.729999999999997,2.347438271604939,16.079704016913333,False,False,False,False,779.804,False,lane_change,-18.326999999999998
1366,3932,583,1118847372100,6.502,780.937,6451684.916,1872837.169,15.0,4.9,2,20.04,-0.11,1,,,,,,,"1,358","1,370",46.4,2.32,us-101,1118847372.1,1358.0,46.396999999999935,20.94,-0.9000000000000021,2.31521956087824,inf,False,False,False,False,779.804,False,lane_change,1.1330000000000382
1367,3932,528,1118847372100,19.092,767.678,6451666.636,1872836.465,17.0,5.9,2,26.2,2.4,2,,,,,,,"1,361","1,373",51.52,1.97,us-101,1118847372.1,1361.0,51.52099999999996,27.44,-1.240000000000002,1.9664503816793877,inf,False,False,False,True,779.804,False,lane_change,-12.125999999999976
1368,3932,476,1118847372100,53.004,699.227,6451592.834,1872856.131,10.5,5.0,2,50.0,0.0,5,,,,,,,"1,364","1,387",83.05,1.66,us-101,1118847372.1,1364.0,83.04700000000003,40.1,9.899999999999999,1.6609400000000005,8.388585858585863,False,False,False,True,779.804,False,lane_change,-80.577
1369,3932,563,1118847372100,29.849,725.079,6451627.538,1872856.476,13.5,5.4,2,25.0,0.0,3,,,,,,,"1,363","1,372",68.34,2.73,us-101,1118847372.1,1363.0,68.34100000000001,32.22,-7.219999999999999,2.7336400000000003,inf,False,False,False,False,779.804,False,lane_change,-54.72500000000002
1370,3932,583,1118847372100,9.562,731.448,6451645.712,1872867.516,14.5,4.9,2,15.0,-0.16,1,,,,,,,"1,366","1,389",49.49,3.3,us-101,1118847372.1,1366.0,49.48900000000003,20.04,-5.039999999999999,3.299266666666669,inf,False,False,False,False,779.804,False,lane_change,-48.355999999999995
1373,3932,517,1118847372100,19.54,694.013,6451610.994,1872884.719,12.0,5.5,2,20.03,-0.25,2,,,,,,,"1,367","1,388",73.66,3.68,us-101,1118847372.1,1367.0,73.66499999999996,26.2,-6.169999999999998,3.6777333999001476,inf,False,False,False,False,779.804,False,lane_change,-85.79099999999994
1353,3933,514,1118847372200,17.19,881.811,6451753.593,1872762.522,11.5,5.5,2,30.0,0.0,2,,,,,,,"1,346","1,361",60.84,2.03,us-101,1118847372.2,1346.0,60.84399999999994,34.47,-4.469999999999999,2.028133333333331,inf,False,False,False,False,785.354,False,lane_change,96.457
1354,3933,568,1118847372200,29.607,852.28,6451723.219,1872772.703,17.0,5.4,2,30.0,0.0,3,,,,,,,"1,350","1,363",53.95,1.8,us-101,1118847372.2,1350.0,53.94900000000007,34.53,-4.530000000000001,1.7983000000000022,inf,False,False,False,True,785.354,False,lane_change,66.92599999999993
1358,3933,584,1118847372200,5.266,829.384,6451722.072,1872806.13,9.5,8.0,2,21.44,9.13,1,,,,,,,"1,348","1,366",78.42,3.66,us-101,1118847372.2,1348.0,78.41599999999994,30.43,-8.989999999999998,3.657462686567161,inf,False,False,False,False,785.354,False,lane_change,44.02999999999997
1359,3933,504,1118847372200,52.623,863.705,6451716.606,1872747.867,11.5,4.5,2,34.8,2.82,5,,,,,,,"1,352","1,364",33.51,0.96,us-101,1118847372.2,1352.0,33.51400000000001,30.0,4.799999999999997,0.9630459770114946,6.98208333333334,False,False,False,True,785.354,False,lane_change,78.351
1360,3933,506,1118847372200,42.066,840.247,6451705.955,1872771.296,11.0,5.5,2,27.43,-0.13,4,,,,,,,"1,351","1,365",53.51,1.95,us-101,1118847372.2,1351.0,53.51100000000008,35.02,-7.590000000000003,1.9508202697776187,inf,False,False,False,True,785.354,False,lane_change,54.892999999999915
1361,3933,529,1118847372200,18.64,821.915,6451707.66,1872800.997,16.5,5.4,2,26.85,-6.12,2,,,,,,,"1,353","1,367",59.9,2.23,us-101,1118847372.2,1353.0,59.89600000000007,30.0,-3.1499999999999986,2.230763500931101,inf,False,True,False,False,785.354,False,lane_change,36.56099999999992
1362,3933,280,1118847372200,63.192,785.354,6451650.787,1872791.69,15.0,4.9,2,56.31,9.77,6,,,,,,,"1,349","1,371",208.99,3.71,us-101,1118847372.2,1349.0,208.985,62.34,-6.030000000000001,3.7113301367430296,inf,False,False,False,False,785.354,True,lane_change,0.0
1363,3933,567,1118847372200,29.092,796.695,6451681.826,1872809.802,13.5,5.9,2,32.67,2.93,3,,,,,,,"1,354","1,369",55.59,1.7,us-101,1118847372.2,1354.0,55.58499999999992,30.0,2.6700000000000017,1.7014080195898353,20.81835205992505,False,False,False,True,785.354,False,lane_change,11.341000000000008
1364,3933,507,1118847372200,53.955,786.288,6451657.589,1872798.008,11.5,5.5,2,39.95,-2.27,5,,,,,,,"1,359","1,368",77.42,1.94,us-101,1118847372.2,1359.0,77.41700000000003,34.8,5.150000000000006,1.9378473091364212,15.032427184466009,False,False,False,True,785.354,False,lane_change,0.9339999999999691
1365,3933,507,1118847372200,40.179,764.772,6451650.543,1872822.533,15.0,4.9,2,33.01,4.9,4,,,,,,,"1,360","1,386",75.48,2.29,us-101,1118847372.2,1360.0,75.47499999999991,27.43,5.579999999999998,2.2864283550439235,13.525985663082425,False,False,False,False,785.354,False,lane_change,-20.581999999999994
1366,3933,583,1118847372200,6.487,782.946,6451686.428,1872835.859,15.0,4.9,2,20.01,-0.63,1,,,,,,,"1,358","1,370",46.44,2.32,us-101,1118847372.2,1358.0,46.43799999999999,21.44,-1.4299999999999997,2.3207396301849066,inf,False,False,False,False,785.354,False,lane_change,-2.4080000000000155
1367,3933,528,1118847372200,19.075,770.331,6451668.675,1872834.698,17.0,5.9,2,26.3,-0.88,2,,,,,,,"1,361","1,373",51.58,1.96,us-101,1118847372.2,1361.0,51.583999999999946,26.85,-0.5500000000000007,1.9613688212927736,inf,False,False,False,True,785.354,False,lane_change,-15.023000000000025
1368,3933,476,1118847372200,52.973,704.227,6451596.612,1872852.856,10.5,5.0,2,50.0,0.0,5,,,,,,,"1,364","1,387",82.06,1.64,us-101,1118847372.2,1364.0,82.06100000000004,39.95,10.049999999999997,1.6412200000000008,8.165273631840801,False,False,False,True,785.354,False,lane_change,-81.12700000000007
1369,3933,563,1118847372200,29.833,727.579,6451629.427,1872854.839,13.5,5.4,2,25.0,0.0,3,,,,,,,"1,363","1,372",69.12,2.76,us-101,1118847372.2,1363.0,69.1160000000001,32.67,-7.670000000000002,2.764640000000004,inf,False,False,False,False,785.354,False,lane_change,-57.77500000000009
1370,3933,583,1118847372200,9.554,732.935,6451646.845,1872866.533,14.5,4.9,2,15.11,1.8,1,,,,,,,"1,366","1,389",50.01,3.31,us-101,1118847372.2,1366.0,50.01100000000008,20.01,-4.900000000000002,3.3097948378557303,inf,False,False,False,False,785.354,False,lane_change,-52.419000000000096
1373,3933,517,1118847372200,19.528,696.015,6451612.505,1872883.409,12.0,5.5,2,20.01,-0.15,2,,,,,,,"1,367","1,388",74.32,3.71,us-101,1118847372.2,1367.0,74.31600000000003,26.3,-6.289999999999999,3.713943028485758,inf,False,False,False,False,785.354,False,lane_change,-89.33900000000006
1353,3934,514,1118847372300,17.197,884.811,6451755.841,1872760.535,11.5,5.5,2,30.0,0.0,2,,,,,,,"1,346","1,361",61.35,2.05,us-101,1118847372.3,1346.0,61.351,34.9,-4.899999999999999,2.0450333333333335,inf,False,False,False,False,791.037,False,lane_change,93.774
1354,3934,568,1118847372300,29.614,855.28,6451725.467,1872770.716,17.0,5.4,2,30.0,0.0,3,,,,,,,"1,350","1,363",54.38,1.81,us-101,1118847372.3,1350.0,54.379999999999995,34.53,-4.530000000000001,1.8126666666666664,inf,False,False,False,True,791.037,False,lane_change,64.24299999999994
1358,3934,584,1118847372300,5.258,831.564,6451723.726,1872804.686,9.5,8.0,2,22.48,11.2,1,,,,,,,"1,348","1,366",79.27,3.53,us-101,1118847372.3,1348.0,79.27500000000009,31.26,-8.780000000000001,3.526467971530253,inf,False,False,False,False,791.037,False,lane_change,40.52699999999993
1359,3934,504,1118847372300,52.654,867.215,6451719.216,1872745.529,11.5,4.5,2,34.99,0.57,5,,,,,,,"1,352","1,364",33.02,0.94,us-101,1118847372.3,1352.0,33.023000000000025,29.82,5.170000000000002,0.9437839382680773,6.387427466150873,False,False,False,True,791.037,False,lane_change,76.178
1360,3934,506,1118847372300,42.083,842.964,6451707.97,1872769.501,11.0,5.5,2,27.58,3.55,4,,,,,,,"1,351","1,365",54.29,1.97,us-101,1118847372.3,1351.0,54.291999999999916,35.0,-7.420000000000002,1.968527918781723,inf,False,False,False,True,791.037,False,lane_change,51.92700000000002
1361,3934,529,1118847372300,18.615,824.556,6451709.662,1872799.268,16.5,5.4,2,26.34,-4.12,2,,,,,,,"1,353","1,367",60.25,2.29,us-101,1118847372.3,1353.0,60.254999999999995,30.0,-3.66,2.2875854214123006,inf,False,True,False,False,791.037,False,lane_change,33.519000000000005
1362,3934,280,1118847372300,63.156,791.037,6451655.059,1872787.979,15.0,4.9,2,57.2,9.06,6,,,,,,,"1,349","1,371",209.59,3.66,us-101,1118847372.3,,,,,,inf,False,False,False,False,791.037,True,lane_change,0.0
1363,3934,567,1118847372300,29.037,799.996,6451684.352,1872807.653,13.5,5.9,2,32.84,0.07,3,,,,,,,"1,354","1,369",55.28,1.68,us-101,1118847372.3,1354.0,55.28399999999999,30.0,2.8400000000000034,1.683434835566382,19.466197183098565,False,False,False,True,791.037,False,lane_change,8.958999999999946
1364,3934,507,1118847372300,53.917,790.273,6451660.604,1872795.407,11.5,5.5,2,39.71,-2.5,5,,,,,,,"1,359","1,368",76.94,1.94,us-101,1118847372.3,1359.0,76.94200000000001,34.99,4.719999999999999,1.9375975824729288,16.301271186440683,False,False,False,True,791.037,False,lane_change,-0.76400000000001
1365,3934,507,1118847372300,39.994,768.117,6451653.198,1872820.448,15.0,4.9,2,33.36,2.04,4,,,,,,,"1,360","1,386",74.85,2.24,us-101,1118847372.3,1360.0,74.8470000000001,27.58,5.780000000000001,2.243615107913672,12.949307958477522,False,False,False,False,791.037,False,lane_change,-22.920000000000073
1366,3934,583,1118847372300,6.473,784.939,6451687.939,1872834.549,15.0,4.9,2,19.98,-0.09,1,,,,,,,"1,358","1,370",46.63,2.33,us-101,1118847372.3,1358.0,46.625,22.48,-2.5,2.3335835835835836,inf,False,False,False,False,791.037,False,lane_change,-6.09800000000007
1367,3934,528,1118847372300,19.058,772.951,6451670.657,1872832.98,17.0,5.9,2,26.35,0.46,2,,,,,,,"1,361","1,373",51.61,1.96,us-101,1118847372.3,1361.0,51.60500000000002,26.34,0.010000000000001563,1.958444022770399,5160.499999999195,False,False,False,True,791.037,False,lane_change,-18.086000000000013
1368,3934,476,1118847372300,52.941,709.227,6451600.391,1872849.581,10.5,5.0,2,50.0,0.0,5,,,,,,,"1,364","1,387",81.05,1.62,us-101,1118847372.3,1364.0,81.04600000000005,39.71,10.29,1.620920000000001,7.876190476190482,False,False,False,True,791.037,False,lane_change,-81.81000000000006
1369,3934,563,1118847372300,29.818,730.079,6451631.316,1872853.201,13.5,5.4,2,25.0,0.0,3,,,,,,,"1,363","1,372",69.92,2.8,us-101,1118847372.3,1363.0,69.91700000000003,32.84,-7.840000000000003,2.796680000000001,inf,False,False,False,False,791.037,False,lane_change,-60.958000000000084
1370,3934,583,1118847372300,9.544,734.427,6451647.956,1872865.57,14.5,4.9,2,15.53,6.27,1,,,,,,,"1,366","1,389",50.51,3.25,us-101,1118847372.3,1366.0,50.511999999999944,19.98,-4.450000000000001,3.252543464262714,inf,False,False,False,False,791.037,False,lane_change,-56.610000000000014
1373,3934,517,1118847372300,19.515,698.013,6451614.016,1872882.099,12.0,5.5,2,20.0,0.03,2,,,,,,,"1,367","1,388",74.94,3.75,us-101,1118847372.3,1367.0,74.93799999999999,26.35,-6.350000000000001,3.7468999999999992,inf,False,False,False,False,791.037,False,lane_change,-93.024
1353,3935,514,1118847372400,17.203,887.812,6451758.089,1872758.549,11.5,5.5,2,29.98,-0.25,2,,,,,,,"1,346","1,361",61.87,2.06,us-101,1118847372.4,1346.0,61.86900000000003,35.01,-5.029999999999998,2.063675783855905,inf,False,False,False,False,796.855,False,lane_change,90.957
1354,3935,568,1118847372400,29.621,858.282,6451727.715,1872768.729,17.0,5.4,2,29.99,-0.26,3,,,,,,,"1,350","1,363",54.83,1.83,us-101,1118847372.4,1350.0,54.82499999999993,34.69,-4.699999999999999,1.8281093697899278,inf,False,False,False,True,796.855,False,lane_change,61.42700000000002
1358,3935,584,1118847372400,5.287,833.868,6451725.452,1872803.13,9.5,8.0,2,23.64,10.92,1,,,,,,,"1,348","1,366",80.16,3.39,us-101,1118847372.4,1348.0,80.15899999999999,32.43,-8.79,3.390820642978003,inf,False,False,False,False,796.855,False,lane_change,37.013000000000034
1359,3935,504,1118847372400,52.662,870.724,6451721.839,1872743.211,11.5,4.5,2,35.02,-0.27,5,,,,,,,"1,352","1,364",32.5,0.93,us-101,1118847372.4,1352.0,32.495000000000005,29.42,5.600000000000001,0.9278983438035409,5.8026785714285705,False,False,False,True,796.855,False,lane_change,73.86900000000003
1360,3935,506,1118847372400,42.103,845.734,6451710.041,1872767.653,11.0,5.5,2,27.92,4.1,4,,,,,,,"1,351","1,365",55.04,1.97,us-101,1118847372.4,1351.0,55.035999999999945,34.87,-6.949999999999996,1.9712034383954133,inf,False,False,False,True,796.855,False,lane_change,48.87900000000002
1361,3935,529,1118847372400,18.67,827.15,6451711.583,1872797.505,16.5,5.4,2,26.08,-1.3,2,,,,,,,"1,353","1,367",60.66,2.33,us-101,1118847372.4,1353.0,60.662000000000035,29.98,-3.900000000000002,2.325996932515339,inf,False,False,False,False,796.855,False,lane_change,30.29499999999996
1362,3935,280,1118847372400,63.167,796.855,6451659.395,1872784.15,15.0,4.9,2,57.6,0.7,6,,,,,,,"1,349","1,371",210.23,3.65,us-101,1118847372.4,,,,,,inf,False,False,False,False,796.855,True,lane_change,0.0
1363,3935,567,1118847372400,28.96,803.286,6451686.863,1872805.546,13.5,5.9,2,32.85,-0.45,3,,,,,,,"1,354","1,369",55.0,1.67,us-101,1118847372.4,1354.0,54.996000000000095,29.99,2.860000000000003,1.6741552511415554,19.229370629370642,False,False,False,True,796.855,False,lane_change,6.430999999999926
1364,3935,507,1118847372400,53.871,794.23,6451663.608,1872792.825,11.5,5.5,2,39.48,-2.17,5,,,,,,,"1,359","1,368",76.49,1.94,us-101,1118847372.4,1359.0,76.49400000000003,35.02,4.459999999999994,1.9375379939209736,17.151121076233213,False,False,False,True,796.855,False,lane_change,-2.625
1365,3935,507,1118847372400,39.823,771.475,6451655.828,1872818.367,15.0,4.9,2,33.52,0.51,4,,,,,,,"1,360","1,386",74.26,2.22,us-101,1118847372.4,1360.0,74.25900000000001,27.92,5.600000000000001,2.2153639618138428,13.260535714285714,False,False,False,False,796.855,False,lane_change,-25.379999999999995
1366,3935,583,1118847372400,6.459,786.921,6451689.45,1872833.239,15.0,4.9,2,20.12,2.29,1,,,,,,,"1,358","1,370",46.95,2.33,us-101,1118847372.4,1358.0,46.947,23.64,-3.5199999999999996,2.3333499005964216,inf,False,False,False,False,796.855,False,lane_change,-9.933999999999969
1367,3935,528,1118847372400,19.026,775.56,6451672.591,1872831.324,17.0,5.9,2,26.64,5.14,2,,,,,,,"1,361","1,373",51.59,1.94,us-101,1118847372.4,1361.0,51.59000000000003,26.08,0.5600000000000023,1.9365615615615628,92.12499999999969,False,False,False,True,796.855,False,lane_change,-21.295000000000073
1368,3935,476,1118847372400,52.909,714.227,6451604.169,1872846.306,10.5,5.0,2,50.0,0.0,5,,,,,,,"1,364","1,387",80.0,1.6,us-101,1118847372.4,1364.0,80.00300000000004,39.48,10.520000000000003,1.600060000000001,7.604847908745249,False,False,False,True,796.855,False,lane_change,-82.62800000000004
1369,3935,563,1118847372400,29.802,732.58,6451633.205,1872851.564,13.5,5.4,2,24.98,-0.25,3,,,,,,,"1,363","1,372",70.71,2.83,us-101,1118847372.4,1363.0,70.7059999999999,32.85,-7.870000000000001,2.830504403522814,inf,False,False,False,False,796.855,False,lane_change,-64.27499999999998
1370,3935,583,1118847372400,9.493,735.981,6451649.152,1872864.588,14.5,4.9,2,16.36,10.69,1,,,,,,,"1,366","1,389",50.94,3.11,us-101,1118847372.4,1366.0,50.940000000000055,20.12,-3.7600000000000016,3.113691931540346,inf,False,False,False,False,796.855,False,lane_change,-60.874000000000024
1373,3935,517,1118847372400,19.503,700.014,6451615.528,1872880.788,12.0,5.5,2,20.0,-0.02,2,,,,,,,"1,367","1,388",75.55,3.78,us-101,1118847372.4,1367.0,75.54599999999994,26.64,-6.640000000000001,3.7772999999999968,inf,False,False,False,False,796.855,False,lane_change,-96.84100000000001
1353,3936,514,1118847372500,17.21,890.808,6451760.337,1872756.562,11.5,5.5,2,29.97,-0.07,2,,,,,,,"1,346","1,361",62.37,2.08,us-101,1118847372.5,1346.0,62.37199999999996,34.99,-5.020000000000003,2.0811478144811466,inf,False,False,False,False,802.692,False,lane_change,88.11599999999999
1354,3936,568,1118847372500,29.628,861.278,6451729.963,1872766.742,17.0,5.4,2,29.97,-0.1,3,,,,,,,"1,350","1,363",55.32,1.85,us-101,1118847372.5,1350.0,55.31899999999996,34.91,-4.939999999999998,1.8458124791458113,inf,False,False,False,True,802.692,False,lane_change,58.58600000000001
1358,3936,584,1118847372500,5.333,836.319,6451727.264,1872801.474,9.5,8.0,2,24.48,6.1,1,,,,,,,"1,348","1,366",81.01,3.31,us-101,1118847372.5,1348.0,81.00700000000006,33.61,-9.129999999999999,3.3091094771241854,inf,False,False,False,False,802.692,False,lane_change,33.62699999999995
1359,3936,504,1118847372500,52.671,874.223,6451724.461,1872740.893,11.5,4.5,2,35.0,-0.03,5,,,,,,,"1,352","1,364",31.9,0.91,us-101,1118847372.5,1352.0,31.898000000000025,29.13,5.870000000000001,0.9113714285714293,5.43407155025554,False,False,False,True,802.692,False,lane_change,71.53099999999995
1360,3936,506,1118847372500,42.11,848.549,6451712.175,1872765.766,11.0,5.5,2,28.32,3.55,4,,,,,,,"1,351","1,365",55.71,1.97,us-101,1118847372.5,1351.0,55.706999999999994,34.58,-6.259999999999998,1.9670550847457624,inf,False,False,False,True,802.692,False,lane_change,45.85699999999997
1361,3936,529,1118847372500,18.699,829.728,6451713.488,1872795.791,16.5,5.4,2,26.15,2.42,2,,,,,,,"1,353","1,367",61.08,2.34,us-101,1118847372.5,1353.0,61.08000000000004,29.97,-3.8200000000000003,2.3357552581261967,inf,False,False,False,False,802.692,False,lane_change,27.035999999999945
1362,3936,280,1118847372500,63.218,802.692,6451663.83,1872780.181,15.0,4.9,2,57.02,-11.2,6,,,,,,,"1,349","1,371",210.9,3.7,us-101,1118847372.5,,,,,,inf,False,True,False,False,802.692,True,lane_change,0.0
1363,3936,567,1118847372500,28.875,806.564,6451689.374,1872803.451,13.5,5.9,2,32.85,0.42,3,,,,,,,"1,354","1,369",54.71,1.67,us-101,1118847372.5,1354.0,54.714000000000055,29.97,2.8800000000000026,1.6655707762557095,18.99791666666667,False,False,False,True,802.692,False,lane_change,3.8719999999999573
1364,3936,507,1118847372500,53.808,798.162,6451666.604,1872790.274,11.5,5.5,2,39.31,-1.42,5,,,,,,,"1,359","1,368",76.06,1.93,us-101,1118847372.5,1359.0,76.06099999999992,35.0,4.310000000000002,1.9349020605443887,17.64756380510438,False,False,False,True,802.692,False,lane_change,-4.529999999999973
1365,3936,507,1118847372500,39.652,774.832,6451658.458,1872816.286,15.0,4.9,2,33.56,0.28,4,,,,,,,"1,360","1,386",73.72,2.2,us-101,1118847372.5,1360.0,73.71699999999998,28.32,5.240000000000002,2.196573301549463,14.068129770992359,False,False,False,False,802.692,False,lane_change,-27.860000000000014
1366,3936,583,1118847372500,6.445,788.915,6451690.937,1872831.949,15.0,4.9,2,20.59,6.78,1,,,,,,,"1,358","1,370",47.4,2.3,us-101,1118847372.5,1358.0,47.403999999999996,24.48,-3.8900000000000006,2.3022826614861582,inf,False,False,False,False,802.692,False,lane_change,-13.777000000000044
1367,3936,528,1118847372500,18.987,778.23,6451674.628,1872829.588,17.0,5.9,2,27.21,7.61,2,,,,,,,"1,361","1,373",51.5,1.89,us-101,1118847372.5,1361.0,51.497999999999934,26.15,1.0600000000000023,1.89261300992282,48.58301886792436,False,False,False,True,802.692,False,lane_change,-24.46199999999999
1368,3936,476,1118847372500,52.878,719.225,6451607.947,1872843.031,10.5,5.0,2,50.01,0.26,5,,,,,,,"1,364","1,387",78.94,1.58,us-101,1118847372.5,1364.0,78.93700000000001,39.31,10.699999999999996,1.578424315136973,7.377289719626172,False,False,False,True,802.692,False,lane_change,-83.46699999999998
1369,3936,563,1118847372500,29.786,735.076,6451635.094,1872849.926,13.5,5.4,2,24.97,-0.06,3,,,,,,,"1,363","1,372",71.49,2.86,us-101,1118847372.5,1363.0,71.48799999999994,32.85,-7.880000000000003,2.862955546655985,inf,False,False,False,False,802.692,False,lane_change,-67.61599999999999
1370,3936,583,1118847372500,9.46,737.673,6451650.433,1872863.507,14.5,4.9,2,17.5,11.2,1,,,,,,,"1,366","1,389",51.24,2.93,us-101,1118847372.5,1366.0,51.24199999999996,20.59,-3.09,2.9281142857142837,inf,False,False,False,False,802.692,False,lane_change,-65.019
1351,3937,492,1118847372600,39.751,907.685,6451758.172,1872728.445,11.5,5.5,2,34.37,-1.83,4,,,,,,,"1,343","1,360",86.46,2.52,us-101,1118847372.6,1343.0,86.46400000000006,47.33,-12.96,2.515682281059065,inf,False,False,False,False,808.283,False,lane_change,99.40199999999993
1353,3937,514,1118847372600,17.218,893.791,6451762.584,1872754.575,11.5,5.5,2,30.1,2.05,2,,,,,,,"1,346","1,361",62.87,2.09,us-101,1118847372.6,1346.0,62.87099999999998,35.11,-5.009999999999998,2.0887375415282383,inf,False,False,False,False,808.283,False,lane_change,85.50800000000004
1354,3937,568,1118847372600,29.636,864.262,6451732.21,1872764.755,17.0,5.4,2,30.1,2.03,3,,,,,,,"1,350","1,363",55.85,1.86,us-101,1118847372.6,1350.0,55.84500000000003,35.0,-4.899999999999999,1.855315614617941,inf,False,False,False,True,808.283,False,lane_change,55.97899999999993
1358,3937,584,1118847372600,5.339,838.824,6451729.159,1872799.799,9.5,8.0,2,24.9,2.05,1,,,,,,,"1,348","1,366",81.95,3.29,us-101,1118847372.6,1348.0,81.94900000000007,34.47,-9.57,3.2911244979919707,inf,False,False,False,False,808.283,False,lane_change,30.54099999999994
1359,3937,504,1118847372600,52.679,877.721,6451727.083,1872738.575,11.5,4.5,2,35.02,0.25,5,,,,,,,"1,352","1,364",31.27,0.89,us-101,1118847372.6,1352.0,31.269999999999982,29.13,5.890000000000004,0.8929183323814956,5.308998302207124,False,False,False,True,808.283,False,lane_change,69.43799999999999
1360,3937,506,1118847372600,42.117,851.396,6451714.296,1872763.891,11.0,5.5,2,28.73,4.19,4,,,,,,,"1,351","1,365",56.29,1.96,us-101,1118847372.6,1351.0,56.28899999999999,34.37,-5.639999999999997,1.9592412112774098,inf,False,False,False,True,808.283,False,lane_change,43.11299999999994
1361,3937,529,1118847372600,18.646,832.329,6451715.478,1872794.111,16.5,5.4,2,26.58,6.3,2,,,,,,,"1,353","1,367",61.46,2.31,us-101,1118847372.6,1353.0,61.4620000000001,30.1,-3.520000000000003,2.3123401053423667,inf,False,False,False,False,808.283,False,lane_change,24.045999999999935
1362,3937,280,1118847372600,63.233,808.283,6451668.087,1872776.416,15.0,4.9,2,55.32,-11.2,6,,,,,,,"1,349","1,371",211.82,3.83,us-101,1118847372.6,,,,,,inf,False,True,False,False,808.283,True,lane_change,0.0
1363,3937,567,1118847372600,28.799,809.851,6451691.885,1872801.343,13.5,5.9,2,32.85,0.13,3,,,,,,,"1,354","1,369",54.41,1.66,us-101,1118847372.6,1354.0,54.410999999999945,30.1,2.75,1.6563470319634686,19.78581818181816,False,False,False,True,808.283,False,lane_change,1.5679999999999836
1364,3937,507,1118847372600,53.724,802.08,6451669.596,1872787.754,11.5,5.5,2,39.21,-0.52,5,,,,,,,"1,359","1,368",75.64,1.93,us-101,1118847372.6,1359.0,75.64099999999996,35.02,4.189999999999998,1.9291252231573568,18.0527446300716,False,False,False,True,808.283,False,lane_change,-6.2029999999999745
1365,3937,507,1118847372600,39.481,778.187,6451661.087,1872814.205,15.0,4.9,2,33.6,0.59,4,,,,,,,"1,360","1,386",73.21,2.18,us-101,1118847372.6,1360.0,73.20899999999995,28.73,4.870000000000001,2.178839285714284,15.032648870636537,False,False,False,False,808.283,False,lane_change,-30.096000000000004
1366,3937,583,1118847372600,6.381,790.979,6451692.522,1872830.64,15.0,4.9,2,21.48,11.2,1,,,,,,,"1,358","1,370",47.85,2.23,us-101,1118847372.6,1358.0,47.844999999999914,24.9,-3.419999999999998,2.2274208566107965,inf,False,False,False,False,808.283,False,lane_change,-17.303999999999974
1367,3937,528,1118847372600,19.008,780.998,6451676.701,1872827.74,17.0,5.9,2,27.85,5.78,2,,,,,,,"1,361","1,373",51.33,1.84,us-101,1118847372.6,1361.0,51.330999999999904,26.58,1.2700000000000031,1.843123877917411,40.41811023622029,False,False,False,True,808.283,False,lane_change,-27.284999999999968
1368,3937,476,1118847372600,52.847,724.23,6451611.725,1872839.756,10.5,5.0,2,50.03,0.07,5,,,,,,,"1,364","1,387",77.85,1.56,us-101,1118847372.6,1364.0,77.85000000000002,39.21,10.82,1.55606636018389,7.195009242144179,False,False,False,True,808.283,False,lane_change,-84.053
1369,3937,563,1118847372600,29.77,737.562,6451636.983,1872848.289,13.5,5.4,2,25.07,1.62,3,,,,,,,"1,363","1,372",72.29,2.88,us-101,1118847372.6,1363.0,72.28899999999999,32.85,-7.780000000000001,2.8834862385321096,inf,False,False,False,False,808.283,False,lane_change,-70.721
1370,3937,583,1118847372600,9.471,739.481,6451651.796,1872862.296,14.5,4.9,2,18.63,10.7,1,,,,,,,"1,366","1,389",51.5,2.76,us-101,1118847372.6,1366.0,51.49800000000005,21.48,-2.8500000000000014,2.764251207729471,inf,False,False,False,False,808.283,False,lane_change,-68.80200000000002
1351,3938,492,1118847372700,39.777,911.092,6451760.794,1872726.127,11.5,5.5,2,34.37,1.83,4,,,,,,,"1,343","1,360",87.9,2.56,us-101,1118847372.7,1343.0,87.90100000000007,51.3,-16.93,2.5574919988361966,inf,False,False,False,False,813.693,False,lane_change,97.399
1352,3938,510,1118847372700,55.289,911.892,6451751.275,1872713.848,9.5,5.5,2,29.42,5.3,5,,,,,,,"1,344","1,359",67.21,2.28,us-101,1118847372.7,1344.0,67.21399999999994,28.94,0.4800000000000004,2.284636301835484,140.0291666666664,False,False,False,False,813.693,False,lane_change,98.19900000000007
1353,3938,514,1118847372700,17.225,896.784,6451764.81,1872752.608,11.5,5.5,2,30.53,6.27,2,,,,,,,"1,346","1,361",63.38,2.08,us-101,1118847372.7,1346.0,63.375999999999976,35.52,-4.990000000000002,2.0758598100229273,inf,False,False,False,False,813.693,False,lane_change,83.09100000000001
1354,3938,568,1118847372700,29.643,867.254,6451734.436,1872762.788,17.0,5.4,2,30.53,6.25,3,,,,,,,"1,350","1,363",56.35,1.85,us-101,1118847372.7,1350.0,56.35399999999993,34.98,-4.449999999999996,1.845856534556172,inf,False,False,False,True,813.693,False,lane_change,53.561000000000035
1358,3938,584,1118847372700,5.345,841.341,6451731.032,1872798.143,9.5,8.0,2,25.03,-0.08,1,,,,,,,"1,348","1,366",82.94,3.31,us-101,1118847372.7,1348.0,82.94100000000003,34.88,-9.850000000000001,3.3136636036755904,inf,False,False,False,False,813.693,False,lane_change,27.648000000000025
1359,3938,504,1118847372700,52.687,881.226,6451729.706,1872736.257,11.5,4.5,2,35.03,0.08,5,,,,,,,"1,352","1,364",30.67,0.88,us-101,1118847372.7,1352.0,30.666000000000054,29.42,5.609999999999999,0.8754210676562961,5.466310160427818,False,False,False,True,813.693,False,lane_change,67.53300000000002
1360,3938,506,1118847372700,42.108,854.284,6451716.454,1872762.005,11.0,5.5,2,29.19,5.22,4,,,,,,,"1,351","1,365",56.81,1.95,us-101,1118847372.7,1351.0,56.80799999999999,34.37,-5.179999999999996,1.9461459403905443,inf,False,False,False,True,813.693,False,lane_change,40.59100000000001
1361,3938,529,1118847372700,18.568,835.006,6451717.523,1872792.416,16.5,5.4,2,27.26,7.92,2,,,,,,,"1,353","1,367",61.78,2.27,us-101,1118847372.7,1353.0,61.77800000000002,30.53,-3.2699999999999996,2.266250917094645,inf,False,False,False,False,813.693,False,lane_change,21.312999999999988
1362,3938,280,1118847372700,63.269,813.693,6451672.164,1872772.782,15.0,4.9,2,52.99,-11.2,6,,,,,,,"1,349","1,371",212.92,4.02,us-101,1118847372.7,,,,,,inf,False,True,False,False,813.693,True,lane_change,0.0
1363,3938,567,1118847372700,28.746,813.145,6451694.41,1872799.192,13.5,5.9,2,32.79,-1.26,3,,,,,,,"1,354","1,369",54.11,1.65,us-101,1118847372.7,1354.0,54.10900000000004,30.53,2.259999999999998,1.650167734065265,23.942035398230125,False,False,False,True,813.693,False,lane_change,-0.5480000000000018
1364,3938,507,1118847372700,53.633,806.007,6451672.589,1872785.242,11.5,5.5,2,39.05,-1.95,5,,,,,,,"1,359","1,368",75.22,1.93,us-101,1118847372.7,1359.0,75.21900000000005,35.03,4.019999999999996,1.9262227912932153,18.711194029850777,False,False,False,True,813.693,False,lane_change,-7.6860000000000355
1365,3938,507,1118847372700,39.309,781.542,6451663.717,1872812.124,15.0,4.9,2,33.73,1.77,4,,,,,,,"1,360","1,386",72.74,2.16,us-101,1118847372.7,1360.0,72.74199999999996,29.19,4.539999999999996,2.156596501630595,16.02246696035243,False,False,False,False,813.693,False,lane_change,-32.150999999999954
1366,3938,583,1118847372700,6.335,793.192,6451694.197,1872829.228,15.0,4.9,2,22.69,11.2,1,,,,,,,"1,358","1,370",48.15,2.12,us-101,1118847372.7,1358.0,48.149,25.03,-2.34,2.1220361392684,inf,False,False,False,False,813.693,False,lane_change,-20.500999999999976
1367,3938,528,1118847372700,18.987,783.825,6451678.854,1872825.874,17.0,5.9,2,28.38,3.98,2,,,,,,,"1,361","1,373",51.18,1.8,us-101,1118847372.7,1361.0,51.180999999999926,27.26,1.1199999999999974,1.8034178999295254,45.69732142857147,False,False,False,True,813.693,False,lane_change,-29.867999999999938
1368,3938,476,1118847372700,52.815,729.243,6451615.503,1872836.481,10.5,5.0,2,49.93,-1.61,5,,,,,,,"1,364","1,387",76.76,1.54,us-101,1118847372.7,1364.0,76.7639999999999,39.05,10.880000000000003,1.5374324053675124,7.0555147058823415,False,False,False,True,813.693,False,lane_change,-84.44999999999993
1369,3938,563,1118847372700,29.755,740.06,6451638.85,1872846.67,13.5,5.4,2,25.38,4.34,3,,,,,,,"1,363","1,372",73.09,2.88,us-101,1118847372.7,1363.0,73.08500000000004,32.79,-7.41,2.879629629629631,inf,False,False,False,False,813.693,False,lane_change,-73.63300000000004
1370,3938,583,1118847372700,9.5,741.426,6451653.246,1872860.985,14.5,4.9,2,19.46,6.28,1,,,,,,,"1,366","1,389",51.77,2.66,us-101,1118847372.7,1366.0,51.76599999999996,22.69,-3.2300000000000004,2.6601233299075004,inf,False,False,False,False,813.693,False,lane_change,-72.26699999999994
